345 748
0 100
133 100
266 100
399 100
532 100
665 100
798 100
931 100
1064 100
1197 100
1330 100
1463 100
1596 100
1729 100
1862 100
1995 100
2128 100
2261 100
2394 100
2527 100
2660 100
2793 100
2926 100
3059 100
3192 100
3325 100
3458 100
3591 100
3724 100
3857 100
3990 100
4123 100
4256 100
4389 100
4522 3
4655 100
4788 100
4921 100
5054 100
5187 100
5320 100
5453 100
5586 100
5719 100
5852 100
5985 100
6118 100
6251 100
6384 100
6517 100
6650 100
6783 100
6916 100
7049 100
7182 100
7315 100
7448 100
7581 100
7714 100
7847 100
7980 100
8113 100
8246 100
8379 100
8512 100
8645 100
8778 100
8911 100
9044 100
9177 100
9310 100
9443 100
9576 100
9709 100
9842 100
9975 100
10108 100
10241 100
10374 100
10507 100
10640 100
10773 100
10906 100
11039 100
11172 100
11305 100
11438 100
11571 100
11704 100
11837 100
11970 100
12103 100
12236 100
12369 100
12502 100
12635 100
12768 100
12901 100
13034 100
13167 100
13300 100
13433 100
13566 100
13699 100
13832 100
13965 100
14098 100
14231 100
14364 100
14497 100
14630 100
14763 100
14896 100
15029 100
15162 100
15295 100
15428 100
15561 100
15694 100
15827 100
15960 100
16093 100
16226 100
16359 100
16492 100
16625 100
16758 100
16891 100
17024 100
17157 100
17290 100
17423 100
17556 100
17689 100
17822 100
17955 100
18088 100
18221 100
18354 100
18487 100
18620 100
18753 100
18886 100
19019 100
19152 100
19285 100
19418 100
19551 100
19684 100
19817 100
19950 100
20083 100
20216 100
20349 100
20482 100
20615 100
20748 100
20881 100
21014 100
21147 100
21280 100
21413 100
21546 100
21679 100
21812 100
21945 100
22078 100
22211 100
22344 100
22477 100
22610 100
22743 100
22876 100
23009 100
23142 100
23275 100
23408 100
23541 100
23674 100
23807 100
23940 100
24073 100
24206 100
24339 100
24472 100
24605 100
24738 100
24871 100
25004 100
25137 100
25270 100
25403 100
25536 100
25669 100
25802 100
25935 100
26068 100
26201 100
26334 100
26467 100
26600 100
26733 100
26866 100
26999 100
27132 100
27265 100
27398 100
27531 100
27664 100
27797 100
27930 100
28063 100
28196 100
28329 100
28462 100
28595 100
28728 100
28861 100
28994 100
29127 100
29260 100
29393 100
29526 100
29659 100
29792 100
29925 100
30058 100
30191 100
30324 100
30457 100
30590 100
30723 100
30856 100
30989 100
31122 100
31255 100
31388 100
31521 100
31654 100
31787 100
31920 100
32053 100
32186 100
32319 100
32452 100
32585 100
32718 100
32851 100
32984 100
33117 100
33250 100
33383 100
33516 100
33649 100
33782 100
33915 100
34048 100
34181 100
34314 100
34447 100
34580 100
34713 100
34846 100
34979 100
35112 100
35245 100
35378 100
35511 100
35644 100
35777 100
35910 100
36043 100
36176 100
36309 100
36442 100
36575 100
36708 100
36841 100
36974 100
37107 100
37240 100
37373 100
37506 100
37639 100
37772 100
37905 100
38038 100
38171 100
38304 100
38437 100
38570 100
38703 100
38836 100
38969 100
39102 100
39235 100
39368 100
39501 100
39634 100
39767 100
39900 100
40033 100
40166 100
40299 100
40432 100
40565 100
40698 100
40831 100
40964 100
41097 100
41230 100
41363 100
41496 100
41629 100
41762 100
41895 100
42028 100
42161 100
42294 100
42427 100
42560 100
42693 100
42826 100
42959 100
43092 100
43225 100
43358 100
43491 100
43624 100
43757 100
43890 100
44023 100
44156 100
44289 100
44422 100
44555 100
44688 100
44821 100
44954 100
45087 100
45220 100
45353 100
45486 100
45619 100
45752 100
0 0
133 0
266 0
399 0
532 0
665 0
798 0
931 0
1064 0
1197 0
1330 0
1463 0
1596 0
1729 0
1862 0
1995 0
2128 0
2261 0
2394 0
2527 0
2660 0
2793 0
2926 0
3059 0
3192 0
3325 0
3458 0
3591 0
3724 0
3857 0
3990 0
4123 0
4256 0
4389 0
4522 0
4655 0
4788 0
4921 0
5054 0
5187 0
5320 0
5453 0
5586 0
5719 0
5852 0
5985 0
6118 0
6251 0
6384 0
6517 0
6650 0
6783 0
6916 0
7049 0
7182 0
7315 0
7448 0
7581 0
7714 0
7847 0
7980 0
8113 0
8246 0
8379 0
8512 0
8645 0
8778 0
8911 0
9044 0
9177 0
9310 0
9443 0
9576 0
9709 0
9842 0
9975 0
10108 0
10241 0
10374 0
10507 0
10640 0
10773 0
10906 0
11039 0
11172 0
11305 0
11438 0
11571 0
11704 0
11837 0
11970 0
12103 0
12236 0
12369 0
12502 0
12635 0
12768 0
12901 0
13034 0
13167 0
13300 0
13433 0
13566 0
13699 0
13832 0
13965 0
14098 0
14231 0
14364 0
14497 0
14630 0
14763 0
14896 0
15029 0
15162 0
15295 0
15428 0
15561 0
15694 0
15827 0
15960 0
16093 0
16226 0
16359 0
16492 0
16625 0
16758 0
16891 0
17024 0
17157 0
17290 0
17423 0
17556 0
17689 0
17822 0
17955 0
18088 0
18221 0
18354 0
18487 0
18620 0
18753 0
18886 0
19019 0
19152 0
19285 0
19418 0
19551 0
19684 0
19817 0
19950 0
20083 0
20216 0
20349 0
20482 0
20615 0
20748 0
20881 0
21014 0
21147 0
21280 0
21413 0
21546 0
21679 0
21812 0
21945 0
22078 0
22211 0
22344 0
22477 0
22610 0
22743 0
22876 0
23009 0
23142 0
23275 0
23408 0
23541 0
23674 0
23807 0
23940 0
24073 0
24206 0
24339 0
24472 0
24605 0
24738 0
24871 0
25004 0
25137 0
25270 0
25403 0
25536 0
25669 0
25802 0
25935 0
26068 0
26201 0
26334 0
26467 0
26600 0
26733 0
26866 0
26999 0
27132 0
27265 0
27398 0
27531 0
27664 0
27797 0
27930 0
28063 0
28196 0
28329 0
28462 0
28595 0
28728 0
28861 0
28994 0
29127 0
29260 0
29393 0
29526 0
29659 0
29792 0
29925 0
30058 0
30191 0
30324 0
30457 0
30590 0
30723 0
30856 0
30989 0
31122 0
31255 0
31388 0
31521 0
31654 0
31787 0
31920 0
32053 0
32186 0
32319 0
32452 0
32585 0
32718 0
32851 0
32984 0
33117 0
33250 0
33383 0
33516 0
33649 0
33782 0
33915 0
34048 0
34181 0
34314 0
34447 0
34580 0
34713 0
34846 0
34979 0
35112 0
35245 0
35378 0
35511 0
35644 0
35777 0
35910 0
36043 0
36176 0
36309 0
36442 0
36575 0
36708 0
36841 0
36974 0
37107 0
37240 0
37373 0
37506 0
37639 0
37772 0
37905 0
38038 0
38171 0
38304 0
38437 0
38570 0
38703 0
38836 0
38969 0
39102 0
39235 0
39368 0
39501 0
39634 0
39767 0
39900 0
40033 0
40166 0
40299 0
40432 0
40565 0
40698 0
40831 0
40964 0
41097 0
41230 0
41363 0
41496 0
41629 0
41762 0
41895 0
42028 0
42161 0
42294 0
42427 0
42560 0
42693 0
42826 0
42959 0
43092 0
43225 0
43358 0
43491 0
43624 0
43757 0
43890 0
44023 0
44156 0
44289 0
44422 0
44555 0
44688 0
44821 0
44954 0
45087 0
45220 0
45353 0
45486 0
45619 0
45752 0
45885 0
46018 0
46151 0
46284 0
46417 0
46550 0
46683 0
46816 0
46949 0
47082 0
47215 0
47348 0
47481 0
47614 0
47747 0
47880 0
48013 0
48146 0
48279 0
48412 0
48545 0
48678 0
48811 0
48944 0
49077 0
49210 0
49343 0
49476 0
49609 0
49742 0
49875 0
50008 0
50141 0
50274 0
50407 0
50540 0
50673 0
50806 0
50939 0
51072 0
51205 0
51338 0
51471 0
51604 0
51737 0
51870 0
52003 0
52136 0
52269 0
52402 0
52535 0
52668 0
52801 0
52934 0
53067 0
53200 0
53333 0
53466 0
53599 0
53732 0
53865 0
53998 0
54131 0
54264 0
54397 0
54530 0
54663 0
54796 0
54929 0
55062 0
55195 0
55328 0
55461 0
55594 0
55727 0
55860 0
55993 0
56126 0
56259 0
56392 0
56525 0
56658 0
56791 0
56924 0
57057 0
57190 0
57323 0
57456 0
57589 0
57722 0
57855 0
57988 0
58121 0
58254 0
58387 0
58520 0
58653 0
58786 0
58919 0
59052 0
59185 0
59318 0
59451 0
59584 0
59717 0
59850 0
59983 0
60116 0
60249 0
60382 0
60515 0
60648 0
60781 0
60914 0
61047 0
61180 0
61313 0
61446 0
61579 0
61712 0
61845 0
61978 0
62111 0
62244 0
62377 0
62510 0
62643 0
62776 0
62909 0
63042 0
63175 0
63308 0
63441 0
63574 0
63707 0
63840 0
63973 0
64106 0
64239 0
64372 0
64505 0
64638 0
64771 0
64904 0
65037 0
65170 0
65303 0
65436 0
65569 0
65702 0
65835 0
65968 0
66101 0
66234 0
66367 0
66500 0
66633 0
66766 0
66899 0
67032 0
67165 0
67298 0
67431 0
67564 0
67697 0
67830 0
67963 0
68096 0
68229 0
68362 0
68495 0
68628 0
68761 0
68894 0
69027 0
69160 0
69293 0
69426 0
69559 0
69692 0
69825 0
69958 0
70091 0
70224 0
70357 0
70490 0
70623 0
70756 0
70889 0
71022 0
71155 0
71288 0
71421 0
71554 0
71687 0
71820 0
71953 0
72086 0
72219 0
72352 0
72485 0
72618 0
72751 0
72884 0
73017 0
73150 0
73283 0
73416 0
73549 0
73682 0
73815 0
73948 0
74081 0
74214 0
74347 0
74480 0
74613 0
74746 0
74879 0
75012 0
75145 0
75278 0
75411 0
75544 0
75677 0
75810 0
75943 0
76076 0
76209 0
76342 0
76475 0
76608 0
76741 0
76874 0
77007 0
77140 0
77273 0
77406 0
77539 0
77672 0
77805 0
77938 0
78071 0
78204 0
78337 0
78470 0
78603 0
78736 0
78869 0
79002 0
79135 0
79268 0
79401 0
79534 0
79667 0
79800 0
79933 0
80066 0
80199 0
80332 0
80465 0
80598 0
80731 0
80864 0
80997 0
81130 0
81263 0
81396 0
81529 0
81662 0
81795 0
81928 0
82061 0
82194 0
82327 0
82460 0
82593 0
82726 0
82859 0
82992 0
83125 0
83258 0
83391 0
83524 0
83657 0
83790 0
83923 0
84056 0
84189 0
84322 0
84455 0
84588 0
84721 0
84854 0
84987 0
85120 0
85253 0
85386 0
85519 0
85652 0
85785 0
85918 0
86051 0
86184 0
86317 0
86450 0
86583 0
86716 0
86849 0
86982 0
87115 0
87248 0
87381 0
87514 0
87647 0
87780 0
87913 0
88046 0
88179 0
88312 0
88445 0
88578 0
88711 0
88844 0
88977 0
89110 0
89243 0
89376 0
89509 0
89642 0
89775 0
89908 0
90041 0
90174 0
90307 0
90440 0
90573 0
90706 0
90839 0
90972 0
91105 0
91238 0
91371 0
91504 0
91637 0
91770 0
91903 0
92036 0
92169 0
92302 0
92435 0
92568 0
92701 0
92834 0
92967 0
93100 0
93233 0
93366 0
93499 0
93632 0
93765 0
93898 0
94031 0
94164 0
94297 0
94430 0
94563 0
94696 0
94829 0
94962 0
95095 0
95228 0
95361 0
95494 0
95627 0
95760 0
95893 0
96026 0
96159 0
96292 0
96425 0
96558 0
96691 0
96824 0
96957 0
97090 0
97223 0
97356 0
97489 0
97622 0
97755 0
97888 0
98021 0
98154 0
98287 0
98420 0
98553 0
98686 0
98819 0
98952 0
99085 0
99218 0
99351 0
