570 538
0 100
185 100
370 100
555 100
740 100
925 100
1110 100
1295 100
1480 100
1665 100
1850 100
2035 100
2220 100
2405 100
2590 100
2775 100
2960 100
3145 100
3330 100
3515 100
3700 100
3885 100
4070 100
4255 100
4440 100
4625 100
4810 100
4995 100
5180 100
5365 100
5550 100
5735 100
5920 100
6105 100
6290 100
6475 100
6660 100
6845 100
7030 100
7215 100
7400 100
7585 100
7770 100
7955 100
8140 100
8325 100
8510 100
8695 100
8880 100
9065 100
9250 100
9435 100
9620 100
9805 100
9990 100
10175 100
10360 100
10545 100
10730 100
10915 100
11100 100
11285 100
11470 100
11655 100
11840 100
12025 100
12210 100
12395 100
12580 100
12765 100
12950 100
13135 100
13320 100
13505 100
13690 100
13875 100
14060 100
14245 100
14430 100
14615 100
14800 100
14985 100
15170 100
15355 100
15540 100
15725 100
15910 100
16095 100
16280 100
16465 100
16650 100
16835 100
17020 100
17205 100
17390 100
17575 100
17760 100
17945 100
18130 100
18315 100
18500 100
18685 100
18870 100
19055 100
19240 100
19425 100
19610 100
19795 100
19980 100
20165 100
20350 100
20535 100
20720 100
20905 100
21090 100
21275 100
21460 100
21645 100
21830 100
22015 100
22200 100
22385 100
22570 100
22755 100
22940 100
23125 100
23310 100
23495 100
23680 100
23865 100
24050 100
24235 100
24420 100
24605 100
24790 100
24975 100
25160 100
25345 100
25530 100
25715 100
25900 100
26085 100
26270 100
26455 100
26640 100
26825 100
27010 100
27195 100
27380 100
27565 100
27750 100
27935 100
28120 100
28305 100
28490 100
28675 100
28860 100
29045 100
29230 100
29415 100
29600 100
29785 100
29970 100
30155 100
30340 100
30525 100
30710 100
30895 100
31080 100
31265 100
31450 100
31635 100
31820 100
32005 100
32190 100
32375 100
32560 100
32745 100
32930 100
33115 100
33300 100
33485 100
33670 100
33855 100
34040 100
34225 100
34410 100
34595 100
34780 100
34965 100
35150 100
35335 100
35520 100
35705 100
35890 100
36075 100
36260 100
36445 100
36630 100
36815 100
37000 100
37185 100
37370 100
37555 100
37740 100
37925 100
38110 100
38295 100
38480 100
38665 100
38850 100
39035 100
39220 100
39405 100
39590 100
39775 100
39960 100
40145 100
40330 100
40515 100
40700 100
40885 100
41070 100
41255 100
41440 100
41625 100
41810 100
41995 100
42180 100
42365 100
42550 100
42735 100
42920 100
43105 100
43290 100
43475 100
43660 100
43845 100
44030 100
44215 100
44400 100
44585 100
44770 100
44955 100
45140 100
45325 100
45510 100
45695 100
45880 100
46065 100
46250 100
46435 100
46620 100
46805 100
46990 100
47175 100
47360 100
47545 100
47730 100
47915 100
48100 100
48285 100
48470 100
48655 100
48840 100
49025 100
49210 100
49395 100
49580 100
49765 100
49950 100
50135 100
50320 100
50505 100
50690 100
50875 100
51060 100
51245 100
51430 100
51615 100
51800 100
51985 100
52170 100
52355 100
52540 100
52725 100
52910 100
53095 100
53280 100
53465 100
53650 100
53835 100
54020 100
54205 100
54390 100
54575 100
54760 100
54945 100
55130 100
55315 100
55500 100
55685 100
55870 100
56055 100
56240 100
56425 100
56610 100
56795 100
56980 100
57165 100
57350 100
57535 100
57720 100
57905 100
58090 100
58275 100
58460 100
58645 100
58830 100
59015 100
59200 100
59385 100
59570 100
59755 100
59940 100
60125 100
60310 100
60495 100
60680 100
60865 100
61050 100
61235 100
61420 100
61605 100
61790 100
61975 100
62160 100
62345 100
62530 100
62715 100
62900 100
63085 100
63270 100
63455 100
63640 100
63825 100
64010 100
64195 100
64380 100
64565 100
64750 100
64935 100
65120 100
65305 100
65490 100
65675 3
65860 100
66045 100
66230 100
66415 100
66600 100
66785 100
66970 100
67155 100
67340 100
67525 100
67710 100
67895 100
68080 100
68265 100
68450 100
68635 100
68820 100
69005 100
69190 100
69375 100
69560 100
69745 100
69930 100
70115 100
70300 100
70485 100
70670 100
70855 100
71040 100
71225 100
71410 100
71595 100
71780 100
71965 100
72150 100
72335 100
72520 100
72705 100
72890 100
73075 100
73260 100
73445 100
73630 100
73815 100
74000 100
74185 100
74370 100
74555 100
74740 100
74925 100
75110 100
75295 100
75480 100
75665 100
75850 100
76035 100
76220 100
76405 100
76590 100
76775 100
76960 100
77145 100
77330 100
77515 100
77700 100
77885 100
78070 100
78255 100
78440 100
78625 100
78810 100
78995 100
79180 100
79365 100
79550 100
79735 100
79920 100
80105 100
80290 100
80475 100
80660 100
80845 100
81030 100
81215 100
81400 100
81585 100
81770 100
81955 100
82140 100
82325 100
82510 100
82695 100
82880 100
83065 100
83250 100
83435 100
83620 100
83805 100
83990 100
84175 100
84360 100
84545 100
84730 100
84915 100
85100 100
85285 100
85470 100
85655 100
85840 100
86025 100
86210 100
86395 100
86580 100
86765 100
86950 100
87135 100
87320 100
87505 100
87690 100
87875 100
88060 100
88245 100
88430 100
88615 100
88800 100
88985 100
89170 100
89355 100
89540 100
89725 100
89910 100
90095 100
90280 100
90465 100
90650 100
90835 100
91020 100
91205 100
91390 100
91575 100
91760 100
91945 100
92130 100
92315 100
92500 100
92685 100
92870 100
93055 100
93240 100
93425 100
93610 100
93795 100
93980 100
94165 100
94350 100
94535 100
94720 100
94905 100
95090 100
95275 100
95460 100
95645 100
95830 100
96015 100
96200 100
96385 100
96570 100
96755 100
96940 100
97125 100
97310 100
97495 100
97680 100
97865 100
98050 100
98235 100
98420 100
98605 100
98790 100
98975 100
99160 100
99345 100
99530 100
99715 100
99900 100
100085 100
100270 100
100455 100
100640 100
100825 100
101010 100
101195 100
101380 100
101565 100
101750 100
101935 100
102120 100
102305 100
102490 100
102675 100
102860 100
103045 100
103230 100
103415 100
103600 100
103785 100
103970 100
104155 100
104340 100
104525 100
104710 100
104895 100
105080 100
105265 100
0 0
185 0
370 0
555 0
740 0
925 0
1110 0
1295 0
1480 0
1665 0
1850 0
2035 0
2220 0
2405 0
2590 0
2775 0
2960 0
3145 0
3330 0
3515 0
3700 0
3885 0
4070 0
4255 0
4440 0
4625 0
4810 0
4995 0
5180 0
5365 0
5550 0
5735 0
5920 0
6105 0
6290 0
6475 0
6660 0
6845 0
7030 0
7215 0
7400 0
7585 0
7770 0
7955 0
8140 0
8325 0
8510 0
8695 0
8880 0
9065 0
9250 0
9435 0
9620 0
9805 0
9990 0
10175 0
10360 0
10545 0
10730 0
10915 0
11100 0
11285 0
11470 0
11655 0
11840 0
12025 0
12210 0
12395 0
12580 0
12765 0
12950 0
13135 0
13320 0
13505 0
13690 0
13875 0
14060 0
14245 0
14430 0
14615 0
14800 0
14985 0
15170 0
15355 0
15540 0
15725 0
15910 0
16095 0
16280 0
16465 0
16650 0
16835 0
17020 0
17205 0
17390 0
17575 0
17760 0
17945 0
18130 0
18315 0
18500 0
18685 0
18870 0
19055 0
19240 0
19425 0
19610 0
19795 0
19980 0
20165 0
20350 0
20535 0
20720 0
20905 0
21090 0
21275 0
21460 0
21645 0
21830 0
22015 0
22200 0
22385 0
22570 0
22755 0
22940 0
23125 0
23310 0
23495 0
23680 0
23865 0
24050 0
24235 0
24420 0
24605 0
24790 0
24975 0
25160 0
25345 0
25530 0
25715 0
25900 0
26085 0
26270 0
26455 0
26640 0
26825 0
27010 0
27195 0
27380 0
27565 0
27750 0
27935 0
28120 0
28305 0
28490 0
28675 0
28860 0
29045 0
29230 0
29415 0
29600 0
29785 0
29970 0
30155 0
30340 0
30525 0
30710 0
30895 0
31080 0
31265 0
31450 0
31635 0
31820 0
32005 0
32190 0
32375 0
32560 0
32745 0
32930 0
33115 0
33300 0
33485 0
33670 0
33855 0
34040 0
34225 0
34410 0
34595 0
34780 0
34965 0
35150 0
35335 0
35520 0
35705 0
35890 0
36075 0
36260 0
36445 0
36630 0
36815 0
37000 0
37185 0
37370 0
37555 0
37740 0
37925 0
38110 0
38295 0
38480 0
38665 0
38850 0
39035 0
39220 0
39405 0
39590 0
39775 0
39960 0
40145 0
40330 0
40515 0
40700 0
40885 0
41070 0
41255 0
41440 0
41625 0
41810 0
41995 0
42180 0
42365 0
42550 0
42735 0
42920 0
43105 0
43290 0
43475 0
43660 0
43845 0
44030 0
44215 0
44400 0
44585 0
44770 0
44955 0
45140 0
45325 0
45510 0
45695 0
45880 0
46065 0
46250 0
46435 0
46620 0
46805 0
46990 0
47175 0
47360 0
47545 0
47730 0
47915 0
48100 0
48285 0
48470 0
48655 0
48840 0
49025 0
49210 0
49395 0
49580 0
49765 0
49950 0
50135 0
50320 0
50505 0
50690 0
50875 0
51060 0
51245 0
51430 0
51615 0
51800 0
51985 0
52170 0
52355 0
52540 0
52725 0
52910 0
53095 0
53280 0
53465 0
53650 0
53835 0
54020 0
54205 0
54390 0
54575 0
54760 0
54945 0
55130 0
55315 0
55500 0
55685 0
55870 0
56055 0
56240 0
56425 0
56610 0
56795 0
56980 0
57165 0
57350 0
57535 0
57720 0
57905 0
58090 0
58275 0
58460 0
58645 0
58830 0
59015 0
59200 0
59385 0
59570 0
59755 0
59940 0
60125 0
60310 0
60495 0
60680 0
60865 0
61050 0
61235 0
61420 0
61605 0
61790 0
61975 0
62160 0
62345 0
62530 0
62715 0
62900 0
63085 0
63270 0
63455 0
63640 0
63825 0
64010 0
64195 0
64380 0
64565 0
64750 0
64935 0
65120 0
65305 0
65490 0
65675 0
65860 0
66045 0
66230 0
66415 0
66600 0
66785 0
66970 0
67155 0
67340 0
67525 0
67710 0
67895 0
68080 0
68265 0
68450 0
68635 0
68820 0
69005 0
69190 0
69375 0
69560 0
69745 0
69930 0
70115 0
70300 0
70485 0
70670 0
70855 0
71040 0
71225 0
71410 0
71595 0
71780 0
71965 0
72150 0
72335 0
72520 0
72705 0
72890 0
73075 0
73260 0
73445 0
73630 0
73815 0
74000 0
74185 0
74370 0
74555 0
74740 0
74925 0
75110 0
75295 0
75480 0
75665 0
75850 0
76035 0
76220 0
76405 0
76590 0
76775 0
76960 0
77145 0
77330 0
77515 0
77700 0
77885 0
78070 0
78255 0
78440 0
78625 0
78810 0
78995 0
79180 0
79365 0
79550 0
79735 0
79920 0
80105 0
80290 0
80475 0
80660 0
80845 0
81030 0
81215 0
81400 0
81585 0
81770 0
81955 0
82140 0
82325 0
82510 0
82695 0
82880 0
83065 0
83250 0
83435 0
83620 0
83805 0
83990 0
84175 0
84360 0
84545 0
84730 0
84915 0
85100 0
85285 0
85470 0
85655 0
85840 0
86025 0
86210 0
86395 0
86580 0
86765 0
86950 0
87135 0
87320 0
87505 0
87690 0
87875 0
88060 0
88245 0
88430 0
88615 0
88800 0
88985 0
89170 0
89355 0
89540 0
89725 0
89910 0
90095 0
90280 0
90465 0
90650 0
90835 0
91020 0
91205 0
91390 0
91575 0
91760 0
91945 0
92130 0
92315 0
92500 0
92685 0
92870 0
93055 0
93240 0
93425 0
93610 0
93795 0
93980 0
94165 0
94350 0
94535 0
94720 0
94905 0
95090 0
95275 0
95460 0
95645 0
95830 0
96015 0
96200 0
96385 0
96570 0
96755 0
96940 0
97125 0
97310 0
97495 0
97680 0
97865 0
98050 0
98235 0
98420 0
98605 0
98790 0
98975 0
99160 0
99345 0
