453 724
0 100
138 100
276 100
414 100
552 100
690 100
828 100
966 100
1104 100
1242 100
1380 100
1518 100
1656 100
1794 100
1932 100
2070 100
2208 100
2346 100
2484 100
2622 100
2760 100
2898 100
3036 100
3174 100
3312 100
3450 100
3588 100
3726 100
3864 100
4002 100
4140 100
4278 100
4416 100
4554 100
4692 100
4830 100
4968 100
5106 100
5244 100
5382 100
5520 100
5658 100
5796 100
5934 100
6072 100
6210 100
6348 100
6486 100
6624 100
6762 100
6900 100
7038 100
7176 100
7314 100
7452 100
7590 100
7728 100
7866 100
8004 100
8142 100
8280 100
8418 100
8556 100
8694 100
8832 100
8970 100
9108 100
9246 100
9384 100
9522 100
9660 100
9798 100
9936 100
10074 100
10212 100
10350 100
10488 100
10626 100
10764 100
10902 100
11040 100
11178 100
11316 100
11454 100
11592 100
11730 100
11868 100
12006 100
12144 100
12282 100
12420 100
12558 100
12696 100
12834 100
12972 100
13110 100
13248 100
13386 100
13524 100
13662 100
13800 100
13938 100
14076 100
14214 100
14352 100
14490 100
14628 100
14766 100
14904 100
15042 100
15180 100
15318 100
15456 100
15594 100
15732 100
15870 100
16008 100
16146 100
16284 100
16422 100
16560 100
16698 100
16836 100
16974 100
17112 100
17250 100
17388 100
17526 100
17664 100
17802 100
17940 100
18078 100
18216 100
18354 100
18492 100
18630 100
18768 100
18906 100
19044 100
19182 100
19320 100
19458 100
19596 100
19734 100
19872 100
20010 100
20148 100
20286 100
20424 100
20562 100
20700 100
20838 100
20976 100
21114 100
21252 100
21390 100
21528 100
21666 100
21804 3
21942 100
22080 100
22218 100
22356 100
22494 100
22632 100
22770 100
22908 100
23046 100
23184 100
23322 100
23460 100
23598 100
23736 100
23874 100
24012 100
24150 100
24288 100
24426 100
24564 100
24702 100
24840 100
24978 100
25116 100
25254 100
25392 100
25530 100
25668 100
25806 100
25944 100
26082 100
26220 100
26358 100
26496 100
26634 100
26772 100
26910 100
27048 100
27186 100
27324 100
27462 100
27600 100
27738 100
27876 100
28014 100
28152 100
28290 100
28428 100
28566 100
28704 100
28842 100
28980 100
29118 100
29256 100
29394 100
29532 100
29670 100
29808 100
29946 100
30084 100
30222 100
30360 100
30498 100
30636 100
30774 100
30912 100
31050 100
31188 100
31326 100
31464 100
31602 100
31740 100
31878 100
32016 100
32154 100
32292 100
32430 100
32568 100
32706 100
32844 100
32982 100
33120 100
33258 100
33396 100
33534 100
33672 100
33810 100
33948 100
34086 100
34224 100
34362 100
34500 100
34638 100
34776 100
34914 100
35052 100
35190 100
35328 100
35466 100
35604 100
35742 100
35880 100
36018 100
36156 100
36294 100
36432 100
36570 100
36708 100
36846 100
36984 100
37122 100
37260 100
37398 100
37536 100
37674 100
37812 100
37950 100
38088 100
38226 100
38364 100
38502 100
38640 100
38778 100
38916 100
39054 100
39192 100
39330 100
39468 100
39606 100
39744 100
39882 100
40020 100
40158 100
40296 100
40434 100
40572 100
40710 100
40848 100
40986 100
41124 100
41262 100
41400 100
41538 100
41676 100
41814 100
41952 100
42090 100
42228 100
42366 100
42504 100
42642 100
42780 100
42918 100
43056 100
43194 100
43332 100
43470 100
43608 100
43746 100
43884 100
44022 100
44160 100
44298 100
44436 100
44574 100
44712 100
44850 100
44988 100
45126 100
45264 100
45402 100
45540 100
45678 100
45816 100
45954 100
46092 100
46230 100
46368 100
46506 100
46644 100
46782 100
46920 100
47058 100
47196 100
47334 100
47472 100
47610 100
47748 100
47886 100
48024 100
48162 100
48300 100
48438 100
48576 100
48714 100
48852 100
48990 100
49128 100
49266 100
49404 100
49542 100
49680 100
49818 100
49956 100
50094 100
50232 100
50370 100
50508 100
50646 100
50784 100
50922 100
51060 100
51198 100
51336 100
51474 100
51612 100
51750 100
51888 100
52026 100
52164 100
52302 100
52440 100
52578 100
52716 100
52854 100
52992 100
53130 100
53268 100
53406 100
53544 100
53682 100
53820 100
53958 100
54096 100
54234 100
54372 100
54510 100
54648 100
54786 100
54924 100
55062 100
55200 100
55338 100
55476 100
55614 100
55752 100
55890 100
56028 100
56166 100
56304 100
56442 100
56580 100
56718 100
56856 100
56994 100
57132 100
57270 100
57408 100
57546 100
57684 100
57822 100
57960 100
58098 100
58236 100
58374 100
58512 100
58650 100
58788 100
58926 100
59064 100
59202 100
59340 100
59478 100
59616 100
59754 100
59892 100
60030 100
60168 100
60306 100
60444 100
60582 100
60720 100
60858 100
60996 100
61134 100
61272 100
61410 100
61548 100
61686 100
61824 100
61962 100
62100 100
62238 100
62376 100
0 0
138 0
276 0
414 0
552 0
690 0
828 0
966 0
1104 0
1242 0
1380 0
1518 0
1656 0
1794 0
1932 0
2070 0
2208 0
2346 0
2484 0
2622 0
2760 0
2898 0
3036 0
3174 0
3312 0
3450 0
3588 0
3726 0
3864 0
4002 0
4140 0
4278 0
4416 0
4554 0
4692 0
4830 0
4968 0
5106 0
5244 0
5382 0
5520 0
5658 0
5796 0
5934 0
6072 0
6210 0
6348 0
6486 0
6624 0
6762 0
6900 0
7038 0
7176 0
7314 0
7452 0
7590 0
7728 0
7866 0
8004 0
8142 0
8280 0
8418 0
8556 0
8694 0
8832 0
8970 0
9108 0
9246 0
9384 0
9522 0
9660 0
9798 0
9936 0
10074 0
10212 0
10350 0
10488 0
10626 0
10764 0
10902 0
11040 0
11178 0
11316 0
11454 0
11592 0
11730 0
11868 0
12006 0
12144 0
12282 0
12420 0
12558 0
12696 0
12834 0
12972 0
13110 0
13248 0
13386 0
13524 0
13662 0
13800 0
13938 0
14076 0
14214 0
14352 0
14490 0
14628 0
14766 0
14904 0
15042 0
15180 0
15318 0
15456 0
15594 0
15732 0
15870 0
16008 0
16146 0
16284 0
16422 0
16560 0
16698 0
16836 0
16974 0
17112 0
17250 0
17388 0
17526 0
17664 0
17802 0
17940 0
18078 0
18216 0
18354 0
18492 0
18630 0
18768 0
18906 0
19044 0
19182 0
19320 0
19458 0
19596 0
19734 0
19872 0
20010 0
20148 0
20286 0
20424 0
20562 0
20700 0
20838 0
20976 0
21114 0
21252 0
21390 0
21528 0
21666 0
21804 0
21942 0
22080 0
22218 0
22356 0
22494 0
22632 0
22770 0
22908 0
23046 0
23184 0
23322 0
23460 0
23598 0
23736 0
23874 0
24012 0
24150 0
24288 0
24426 0
24564 0
24702 0
24840 0
24978 0
25116 0
25254 0
25392 0
25530 0
25668 0
25806 0
25944 0
26082 0
26220 0
26358 0
26496 0
26634 0
26772 0
26910 0
27048 0
27186 0
27324 0
27462 0
27600 0
27738 0
27876 0
28014 0
28152 0
28290 0
28428 0
28566 0
28704 0
28842 0
28980 0
29118 0
29256 0
29394 0
29532 0
29670 0
29808 0
29946 0
30084 0
30222 0
30360 0
30498 0
30636 0
30774 0
30912 0
31050 0
31188 0
31326 0
31464 0
31602 0
31740 0
31878 0
32016 0
32154 0
32292 0
32430 0
32568 0
32706 0
32844 0
32982 0
33120 0
33258 0
33396 0
33534 0
33672 0
33810 0
33948 0
34086 0
34224 0
34362 0
34500 0
34638 0
34776 0
34914 0
35052 0
35190 0
35328 0
35466 0
35604 0
35742 0
35880 0
36018 0
36156 0
36294 0
36432 0
36570 0
36708 0
36846 0
36984 0
37122 0
37260 0
37398 0
37536 0
37674 0
37812 0
37950 0
38088 0
38226 0
38364 0
38502 0
38640 0
38778 0
38916 0
39054 0
39192 0
39330 0
39468 0
39606 0
39744 0
39882 0
40020 0
40158 0
40296 0
40434 0
40572 0
40710 0
40848 0
40986 0
41124 0
41262 0
41400 0
41538 0
41676 0
41814 0
41952 0
42090 0
42228 0
42366 0
42504 0
42642 0
42780 0
42918 0
43056 0
43194 0
43332 0
43470 0
43608 0
43746 0
43884 0
44022 0
44160 0
44298 0
44436 0
44574 0
44712 0
44850 0
44988 0
45126 0
45264 0
45402 0
45540 0
45678 0
45816 0
45954 0
46092 0
46230 0
46368 0
46506 0
46644 0
46782 0
46920 0
47058 0
47196 0
47334 0
47472 0
47610 0
47748 0
47886 0
48024 0
48162 0
48300 0
48438 0
48576 0
48714 0
48852 0
48990 0
49128 0
49266 0
49404 0
49542 0
49680 0
49818 0
49956 0
50094 0
50232 0
50370 0
50508 0
50646 0
50784 0
50922 0
51060 0
51198 0
51336 0
51474 0
51612 0
51750 0
51888 0
52026 0
52164 0
52302 0
52440 0
52578 0
52716 0
52854 0
52992 0
53130 0
53268 0
53406 0
53544 0
53682 0
53820 0
53958 0
54096 0
54234 0
54372 0
54510 0
54648 0
54786 0
54924 0
55062 0
55200 0
55338 0
55476 0
55614 0
55752 0
55890 0
56028 0
56166 0
56304 0
56442 0
56580 0
56718 0
56856 0
56994 0
57132 0
57270 0
57408 0
57546 0
57684 0
57822 0
57960 0
58098 0
58236 0
58374 0
58512 0
58650 0
58788 0
58926 0
59064 0
59202 0
59340 0
59478 0
59616 0
59754 0
59892 0
60030 0
60168 0
60306 0
60444 0
60582 0
60720 0
60858 0
60996 0
61134 0
61272 0
61410 0
61548 0
61686 0
61824 0
61962 0
62100 0
62238 0
62376 0
62514 0
62652 0
62790 0
62928 0
63066 0
63204 0
63342 0
63480 0
63618 0
63756 0
63894 0
64032 0
64170 0
64308 0
64446 0
64584 0
64722 0
64860 0
64998 0
65136 0
65274 0
65412 0
65550 0
65688 0
65826 0
65964 0
66102 0
66240 0
66378 0
66516 0
66654 0
66792 0
66930 0
67068 0
67206 0
67344 0
67482 0
67620 0
67758 0
67896 0
68034 0
68172 0
68310 0
68448 0
68586 0
68724 0
68862 0
69000 0
69138 0
69276 0
69414 0
69552 0
69690 0
69828 0
69966 0
70104 0
70242 0
70380 0
70518 0
70656 0
70794 0
70932 0
71070 0
71208 0
71346 0
71484 0
71622 0
71760 0
71898 0
72036 0
72174 0
72312 0
72450 0
72588 0
72726 0
72864 0
73002 0
73140 0
73278 0
73416 0
73554 0
73692 0
73830 0
73968 0
74106 0
74244 0
74382 0
74520 0
74658 0
74796 0
74934 0
75072 0
75210 0
75348 0
75486 0
75624 0
75762 0
75900 0
76038 0
76176 0
76314 0
76452 0
76590 0
76728 0
76866 0
77004 0
77142 0
77280 0
77418 0
77556 0
77694 0
77832 0
77970 0
78108 0
78246 0
78384 0
78522 0
78660 0
78798 0
78936 0
79074 0
79212 0
79350 0
79488 0
79626 0
79764 0
79902 0
80040 0
80178 0
80316 0
80454 0
80592 0
80730 0
80868 0
81006 0
81144 0
81282 0
81420 0
81558 0
81696 0
81834 0
81972 0
82110 0
82248 0
82386 0
82524 0
82662 0
82800 0
82938 0
83076 0
83214 0
83352 0
83490 0
83628 0
83766 0
83904 0
84042 0
84180 0
84318 0
84456 0
84594 0
84732 0
84870 0
85008 0
85146 0
85284 0
85422 0
85560 0
85698 0
85836 0
85974 0
86112 0
86250 0
86388 0
86526 0
86664 0
86802 0
86940 0
87078 0
87216 0
87354 0
87492 0
87630 0
87768 0
87906 0
88044 0
88182 0
88320 0
88458 0
88596 0
88734 0
88872 0
89010 0
89148 0
89286 0
89424 0
89562 0
89700 0
89838 0
89976 0
90114 0
90252 0
90390 0
90528 0
90666 0
90804 0
90942 0
91080 0
91218 0
91356 0
91494 0
91632 0
91770 0
91908 0
92046 0
92184 0
92322 0
92460 0
92598 0
92736 0
92874 0
93012 0
93150 0
93288 0
93426 0
93564 0
93702 0
93840 0
93978 0
94116 0
94254 0
94392 0
94530 0
94668 0
94806 0
94944 0
95082 0
95220 0
95358 0
95496 0
95634 0
95772 0
95910 0
96048 0
96186 0
96324 0
96462 0
96600 0
96738 0
96876 0
97014 0
97152 0
97290 0
97428 0
97566 0
97704 0
97842 0
97980 0
98118 0
98256 0
98394 0
98532 0
98670 0
98808 0
98946 0
99084 0
99222 0
99360 0
99498 0
99636 0
99774 0
