455 596
0 100
167 100
334 100
501 100
668 100
835 100
1002 100
1169 100
1336 100
1503 100
1670 100
1837 100
2004 100
2171 100
2338 100
2505 100
2672 100
2839 100
3006 100
3173 100
3340 100
3507 100
3674 100
3841 100
4008 100
4175 100
4342 100
4509 100
4676 100
4843 100
5010 100
5177 100
5344 100
5511 100
5678 100
5845 100
6012 100
6179 100
6346 100
6513 100
6680 100
6847 100
7014 100
7181 100
7348 100
7515 100
7682 100
7849 100
8016 100
8183 100
8350 100
8517 100
8684 100
8851 100
9018 100
9185 100
9352 100
9519 100
9686 100
9853 100
10020 100
10187 100
10354 100
10521 100
10688 100
10855 100
11022 100
11189 100
11356 100
11523 100
11690 100
11857 100
12024 100
12191 100
12358 100
12525 100
12692 100
12859 100
13026 100
13193 100
13360 100
13527 100
13694 100
13861 100
14028 100
14195 100
14362 100
14529 100
14696 100
14863 100
15030 100
15197 100
15364 100
15531 100
15698 100
15865 100
16032 100
16199 100
16366 100
16533 100
16700 100
16867 100
17034 100
17201 100
17368 100
17535 100
17702 100
17869 100
18036 100
18203 100
18370 100
18537 100
18704 100
18871 100
19038 100
19205 100
19372 3
19539 100
19706 100
19873 100
20040 100
20207 100
20374 100
20541 100
20708 100
20875 100
21042 100
21209 100
21376 100
21543 100
21710 100
21877 100
22044 100
22211 100
22378 100
22545 100
22712 100
22879 100
23046 100
23213 100
23380 100
23547 100
23714 100
23881 100
24048 100
24215 100
24382 100
24549 100
24716 100
24883 100
25050 100
25217 100
25384 100
25551 100
25718 100
25885 100
26052 100
26219 100
26386 100
26553 100
26720 100
26887 100
27054 100
27221 100
27388 100
27555 100
27722 100
27889 100
28056 100
28223 100
28390 100
28557 100
28724 100
28891 100
29058 100
29225 100
29392 100
29559 100
29726 100
29893 100
30060 100
30227 100
30394 100
30561 100
30728 100
30895 100
31062 100
31229 100
31396 100
31563 100
31730 100
31897 100
32064 100
32231 100
32398 100
32565 100
32732 100
32899 100
33066 100
33233 100
33400 100
33567 100
33734 100
33901 100
34068 100
34235 100
34402 100
34569 100
34736 100
34903 100
35070 100
35237 100
35404 100
35571 100
35738 100
35905 100
36072 100
36239 100
36406 100
36573 100
36740 100
36907 100
37074 100
37241 100
37408 100
37575 100
37742 100
37909 100
38076 100
38243 100
38410 100
38577 100
38744 100
38911 100
39078 100
39245 100
39412 100
39579 100
39746 100
39913 100
40080 100
40247 100
40414 100
40581 100
40748 100
40915 100
41082 100
41249 100
41416 100
41583 100
41750 100
41917 100
42084 100
42251 100
42418 100
42585 100
42752 100
42919 100
43086 100
43253 100
43420 100
43587 100
43754 100
43921 100
44088 100
44255 100
44422 100
44589 100
44756 100
44923 100
45090 100
45257 100
45424 100
45591 100
45758 100
45925 100
46092 100
46259 100
46426 100
46593 100
46760 100
46927 100
47094 100
47261 100
47428 100
47595 100
47762 100
47929 100
48096 100
48263 100
48430 100
48597 100
48764 100
48931 100
49098 100
49265 100
49432 100
49599 100
49766 100
49933 100
50100 100
50267 100
50434 100
50601 100
50768 100
50935 100
51102 100
51269 100
51436 100
51603 100
51770 100
51937 100
52104 100
52271 100
52438 100
52605 100
52772 100
52939 100
53106 100
53273 100
53440 100
53607 100
53774 100
53941 100
54108 100
54275 100
54442 100
54609 100
54776 100
54943 100
55110 100
55277 100
55444 100
55611 100
55778 100
55945 100
56112 100
56279 100
56446 100
56613 100
56780 100
56947 100
57114 100
57281 100
57448 100
57615 100
57782 100
57949 100
58116 100
58283 100
58450 100
58617 100
58784 100
58951 100
59118 100
59285 100
59452 100
59619 100
59786 100
59953 100
60120 100
60287 100
60454 100
60621 100
60788 100
60955 100
61122 100
61289 100
61456 100
61623 100
61790 100
61957 100
62124 100
62291 100
62458 100
62625 100
62792 100
62959 100
63126 100
63293 100
63460 100
63627 100
63794 100
63961 100
64128 100
64295 100
64462 100
64629 100
64796 100
64963 100
65130 100
65297 100
65464 100
65631 100
65798 100
65965 100
66132 100
66299 100
66466 100
66633 100
66800 100
66967 100
67134 100
67301 100
67468 100
67635 100
67802 100
67969 100
68136 100
68303 100
68470 100
68637 100
68804 100
68971 100
69138 100
69305 100
69472 100
69639 100
69806 100
69973 100
70140 100
70307 100
70474 100
70641 100
70808 100
70975 100
71142 100
71309 100
71476 100
71643 100
71810 100
71977 100
72144 100
72311 100
72478 100
72645 100
72812 100
72979 100
73146 100
73313 100
73480 100
73647 100
73814 100
73981 100
74148 100
74315 100
74482 100
74649 100
74816 100
74983 100
75150 100
75317 100
75484 100
75651 100
75818 100
0 0
167 0
334 0
501 0
668 0
835 0
1002 0
1169 0
1336 0
1503 0
1670 0
1837 0
2004 0
2171 0
2338 0
2505 0
2672 0
2839 0
3006 0
3173 0
3340 0
3507 0
3674 0
3841 0
4008 0
4175 0
4342 0
4509 0
4676 0
4843 0
5010 0
5177 0
5344 0
5511 0
5678 0
5845 0
6012 0
6179 0
6346 0
6513 0
6680 0
6847 0
7014 0
7181 0
7348 0
7515 0
7682 0
7849 0
8016 0
8183 0
8350 0
8517 0
8684 0
8851 0
9018 0
9185 0
9352 0
9519 0
9686 0
9853 0
10020 0
10187 0
10354 0
10521 0
10688 0
10855 0
11022 0
11189 0
11356 0
11523 0
11690 0
11857 0
12024 0
12191 0
12358 0
12525 0
12692 0
12859 0
13026 0
13193 0
13360 0
13527 0
13694 0
13861 0
14028 0
14195 0
14362 0
14529 0
14696 0
14863 0
15030 0
15197 0
15364 0
15531 0
15698 0
15865 0
16032 0
16199 0
16366 0
16533 0
16700 0
16867 0
17034 0
17201 0
17368 0
17535 0
17702 0
17869 0
18036 0
18203 0
18370 0
18537 0
18704 0
18871 0
19038 0
19205 0
19372 0
19539 0
19706 0
19873 0
20040 0
20207 0
20374 0
20541 0
20708 0
20875 0
21042 0
21209 0
21376 0
21543 0
21710 0
21877 0
22044 0
22211 0
22378 0
22545 0
22712 0
22879 0
23046 0
23213 0
23380 0
23547 0
23714 0
23881 0
24048 0
24215 0
24382 0
24549 0
24716 0
24883 0
25050 0
25217 0
25384 0
25551 0
25718 0
25885 0
26052 0
26219 0
26386 0
26553 0
26720 0
26887 0
27054 0
27221 0
27388 0
27555 0
27722 0
27889 0
28056 0
28223 0
28390 0
28557 0
28724 0
28891 0
29058 0
29225 0
29392 0
29559 0
29726 0
29893 0
30060 0
30227 0
30394 0
30561 0
30728 0
30895 0
31062 0
31229 0
31396 0
31563 0
31730 0
31897 0
32064 0
32231 0
32398 0
32565 0
32732 0
32899 0
33066 0
33233 0
33400 0
33567 0
33734 0
33901 0
34068 0
34235 0
34402 0
34569 0
34736 0
34903 0
35070 0
35237 0
35404 0
35571 0
35738 0
35905 0
36072 0
36239 0
36406 0
36573 0
36740 0
36907 0
37074 0
37241 0
37408 0
37575 0
37742 0
37909 0
38076 0
38243 0
38410 0
38577 0
38744 0
38911 0
39078 0
39245 0
39412 0
39579 0
39746 0
39913 0
40080 0
40247 0
40414 0
40581 0
40748 0
40915 0
41082 0
41249 0
41416 0
41583 0
41750 0
41917 0
42084 0
42251 0
42418 0
42585 0
42752 0
42919 0
43086 0
43253 0
43420 0
43587 0
43754 0
43921 0
44088 0
44255 0
44422 0
44589 0
44756 0
44923 0
45090 0
45257 0
45424 0
45591 0
45758 0
45925 0
46092 0
46259 0
46426 0
46593 0
46760 0
46927 0
47094 0
47261 0
47428 0
47595 0
47762 0
47929 0
48096 0
48263 0
48430 0
48597 0
48764 0
48931 0
49098 0
49265 0
49432 0
49599 0
49766 0
49933 0
50100 0
50267 0
50434 0
50601 0
50768 0
50935 0
51102 0
51269 0
51436 0
51603 0
51770 0
51937 0
52104 0
52271 0
52438 0
52605 0
52772 0
52939 0
53106 0
53273 0
53440 0
53607 0
53774 0
53941 0
54108 0
54275 0
54442 0
54609 0
54776 0
54943 0
55110 0
55277 0
55444 0
55611 0
55778 0
55945 0
56112 0
56279 0
56446 0
56613 0
56780 0
56947 0
57114 0
57281 0
57448 0
57615 0
57782 0
57949 0
58116 0
58283 0
58450 0
58617 0
58784 0
58951 0
59118 0
59285 0
59452 0
59619 0
59786 0
59953 0
60120 0
60287 0
60454 0
60621 0
60788 0
60955 0
61122 0
61289 0
61456 0
61623 0
61790 0
61957 0
62124 0
62291 0
62458 0
62625 0
62792 0
62959 0
63126 0
63293 0
63460 0
63627 0
63794 0
63961 0
64128 0
64295 0
64462 0
64629 0
64796 0
64963 0
65130 0
65297 0
65464 0
65631 0
65798 0
65965 0
66132 0
66299 0
66466 0
66633 0
66800 0
66967 0
67134 0
67301 0
67468 0
67635 0
67802 0
67969 0
68136 0
68303 0
68470 0
68637 0
68804 0
68971 0
69138 0
69305 0
69472 0
69639 0
69806 0
69973 0
70140 0
70307 0
70474 0
70641 0
70808 0
70975 0
71142 0
71309 0
71476 0
71643 0
71810 0
71977 0
72144 0
72311 0
72478 0
72645 0
72812 0
72979 0
73146 0
73313 0
73480 0
73647 0
73814 0
73981 0
74148 0
74315 0
74482 0
74649 0
74816 0
74983 0
75150 0
75317 0
75484 0
75651 0
75818 0
75985 0
76152 0
76319 0
76486 0
76653 0
76820 0
76987 0
77154 0
77321 0
77488 0
77655 0
77822 0
77989 0
78156 0
78323 0
78490 0
78657 0
78824 0
78991 0
79158 0
79325 0
79492 0
79659 0
79826 0
79993 0
80160 0
80327 0
80494 0
80661 0
80828 0
80995 0
81162 0
81329 0
81496 0
81663 0
81830 0
81997 0
82164 0
82331 0
82498 0
82665 0
82832 0
82999 0
83166 0
83333 0
83500 0
83667 0
83834 0
84001 0
84168 0
84335 0
84502 0
84669 0
84836 0
85003 0
85170 0
85337 0
85504 0
85671 0
85838 0
86005 0
86172 0
86339 0
86506 0
86673 0
86840 0
87007 0
87174 0
87341 0
87508 0
87675 0
87842 0
88009 0
88176 0
88343 0
88510 0
88677 0
88844 0
89011 0
89178 0
89345 0
89512 0
89679 0
89846 0
90013 0
90180 0
90347 0
90514 0
90681 0
90848 0
91015 0
91182 0
91349 0
91516 0
91683 0
91850 0
92017 0
92184 0
92351 0
92518 0
92685 0
92852 0
93019 0
93186 0
93353 0
93520 0
93687 0
93854 0
94021 0
94188 0
94355 0
94522 0
94689 0
94856 0
95023 0
95190 0
95357 0
95524 0
95691 0
95858 0
96025 0
96192 0
96359 0
96526 0
96693 0
96860 0
97027 0
97194 0
97361 0
97528 0
97695 0
97862 0
98029 0
98196 0
98363 0
98530 0
98697 0
98864 0
99031 0
99198 0
99365 0
