191
0 1
1 2
2 3
3 4
4 5
5 6
6 7
7 8
8 9
9 10
10 11
11 12
12 13
13 14
14 15
15 16
16 17
17 18
18 19
19 20
20 21
21 22
22 23
23 24
24 25
25 26
26 27
27 28
28 29
29 30
30 31
31 32
32 33
33 34
34 35
35 36
36 0
0 2
2 4
4 6
6 8
8 10
10 12
12 14
14 16
16 18
18 20
20 22
22 24
24 26
26 28
28 30
30 32
32 34
34 36
1 3
3 5
5 7
7 9
9 11
11 13
13 15
15 17
17 19
19 21
21 23
23 25
25 27
27 29
29 31
31 33
33 35
35 1
2 5
5 8
8 11
11 14
14 17
17 20
20 23
23 26
26 29
29 32
32 35
35 2
3 6
6 9
9 12
12 15
15 18
18 21
21 24
24 27
27 30
30 33
33 36
36 3
4 7
7 10
10 13
13 16
16 19
19 22
22 25
25 28
28 31
31 34
34 4
5 9
9 13
13 17
17 21
21 25
25 29
29 33
33 5
6 11
11 16
16 21
21 26
26 31
31 6
7 12
12 18
18 24
24 30
30 7
8 14
14 20
20 26
26 8
9 15
15 22
22 29
29 9
10 17
17 24
24 10
11 19
19 27
27 11
12 21
21 30
30 12
13 23
23 33
33 13
14 25
25 36
36 14
15 28
28 15
16 31
31 16
17 34
34 17
18 36
36 18
19 32
32 19
20 35
35 20
21 33
33 21
22 34
34 22
23 35
35 23
24 36
36 24
25 32
32 25
26 33
33 26
27 34
34 27
28 35
35 28
29 36
36 29
30 33
33 30
31 34
34 31
32 35
35 32
33 36
36 33
34 35
35 34
36 36
