246
1 66
1 97
52 97
40 52
13 40
13 82
82 148
38 148
38 65
65 117
42 117
42 115
41 115
41 180
180 196
53 196
53 163
139 163
3 139
3 146
83 146
6 83
6 82
82 86
86 177
55 177
55 78
78 119
18 119
18 24
24 157
157 196
113 196
59 113
51 59
51 84
66 84
66 182
182 184
43 184
43 99
70 99
70 125
67 125
67 103
100 103
89 100
89 170
152 170
97 152
97 146
146 152
152 173
6 173
6 143
1 143
1 185
58 185
12 58
12 85
85 164
17 164
17 108
71 108
71 192
58 192
58 137
137 172
3 172
3 160
96 160
96 142
142 183
98 183
92 98
92 141
107 141
43 107
43 178
75 178
75 114
114 156
156 192
63 192
63 148
148 195
118 195
118 122
15 122
15 49
49 97
87 97
87 118
117 118
50 117
50 120
4 120
4 178
178 187
177 187
22 177
22 99
99 139
121 139
121 124
98 124
98 148
148 183
122 183
122 128
105 128
105 192
102 192
84 102
84 122
43 122
43 47
47 50
27 50
27 68
34 68
34 60
5 60
5 68
68 162
158 162
141 158
47 141
47 88
66 88
27 66
27 93
45 93
38 45
38 97
30 97
30 87
87 171
1 171
1 39
31 39
31 142
81 142
49 81
49 166
29 166
29 71
71 157
157 197
43 197
43 153
53 153
53 61
32 61
25 32
25 185
111 185
76 111
55 76
55 169
82 169
82 88
86 88
86 180
175 180
153 175
122 153
122 134
83 134
9 83
9 179
143 179
112 143
112 146
11 146
11 16
16 23
23 47
47 190
172 190
68 172
53 68
53 90
44 90
44 83
83 157
157 170
32 170
32 130
130 155
4 155
4 40
40 72
58 72
47 58
47 61
61 131
119 131
119 123
100 123
100 164
164 175
148 175
138 148
138 200
175 200
163 175
163 199
139 199
36 139
36 129
114 129
114 144
144 158
148 158
25 148
25 152
7 152
7 102
102 108
46 108
46 159
26 159
26 173
62 173
62 186
43 186
43 165
66 165
66 168
101 168
101 140
122 140
122 170
139 170
69 139
69 165
131 165
110 131
56 110
56 127
24 127
24 123
96 123
28 96
28 192
