492
168 188
71 168
12 71
12 88
79 88
79 163
114 163
1 114
1 162
87 162
44 87
21 44
21 90
90 171
59 171
34 59
34 120
120 158
4 158
4 145
124 145
124 163
84 163
84 122
122 191
109 191
50 109
50 167
20 167
20 123
91 123
91 133
132 133
132 197
14 197
6 14
6 198
42 198
42 85
68 85
68 104
104 123
123 147
147 169
103 169
103 137
28 137
28 53
53 195
96 195
52 96
52 187
100 187
57 100
57 99
82 99
82 117
104 117
104 138
14 138
14 171
171 188
51 188
51 142
102 142
102 145
46 145
46 132
99 132
11 99
11 88
88 141
132 141
10 132
10 90
90 111
111 156
156 157
157 196
103 196
103 157
157 176
53 176
53 190
23 190
23 107
107 108
108 122
12 122
12 160
93 160
93 96
2 96
2 20
20 30
30 187
145 187
9 145
9 161
83 161
7 83
7 131
34 131
34 49
49 56
56 178
178 187
163 187
93 163
93 124
124 162
53 162
53 171
66 171
0 66
0 11
11 52
52 58
58 73
43 73
43 57
37 57
37 70
70 86
11 86
11 106
65 106
34 65
34 61
61 88
88 104
45 104
45 84
7 84
7 196
92 196
62 92
62 157
10 157
10 152
121 152
86 121
67 86
67 94
10 94
10 50
50 81
81 87
48 87
3 48
3 51
51 114
114 158
60 158
60 69
69 147
47 147
47 142
31 142
31 146
24 146
24 185
40 185
29 40
16 29
16 57
57 98
33 98
33 62
45 62
45 180
127 180
127 129
84 129
23 84
23 143
143 168
168 181
175 181
80 175
80 98
98 130
100 130
83 100
83 101
101 138
131 138
125 131
80 125
80 117
18 117
18 86
36 86
36 44
44 170
34 170
34 144
144 160
135 160
132 135
129 132
129 187
57 187
57 186
27 186
27 113
95 113
95 128
99 128
67 99
67 111
111 136
72 136
20 72
20 147
143 147
143 151
151 163
47 163
47 56
56 99
30 99
30 94
94 173
59 173
20 59
20 85
85 173
17 173
17 40
40 134
130 134
9 130
9 138
110 138
110 129
117 129
117 193
4 193
4 105
105 142
139 142
93 139
85 93
85 128
83 128
83 118
118 135
51 135
51 62
62 136
135 136
96 135
96 197
76 197
24 76
24 125
125 191
171 191
94 171
94 163
104 163
104 200
116 200
116 198
123 198
123 140
62 140
62 198
35 198
35 193
113 193
113 141
141 192
94 192
94 131
33 131
33 94
1 94
1 116
116 124
98 124
98 179
179 193
104 193
44 104
44 152
152 168
128 168
48 128
48 90
69 90
63 69
63 160
97 160
12 97
12 150
150 167
63 167
63 99
1 99
1 24
24 37
23 37
18 23
18 62
62 143
65 143
65 115
115 125
44 125
44 90
73 90
73 111
65 111
65 146
39 146
39 51
25 51
25 146
5 146
5 189
41 189
41 150
11 150
11 121
9 121
9 51
51 190
157 190
157 189
39 189
39 134
126 134
12 126
12 152
36 152
36 176
150 176
84 150
84 94
94 169
31 169
31 123
123 177
154 177
4 154
4 102
102 166
3 166
3 16
16 99
8 99
8 52
32 52
32 132
131 132
78 131
31 78
31 101
54 101
54 190
3 190
3 99
51 99
51 93
93 102
102 183
78 183
78 168
168 183
6 183
6 199
152 199
152 177
97 177
97 109
68 109
26 68
26 49
49 84
18 84
18 166
15 166
15 127
83 127
83 87
32 87
32 38
11 38
11 114
114 122
111 122
28 111
28 61
23 61
23 113
8 113
8 191
183 191
83 183
83 157
110 157
16 110
16 54
54 113
113 165
115 165
94 115
59 94
19 59
19 57
57 158
55 158
55 122
122 190
87 190
87 164
22 164
22 75
75 137
115 137
115 183
33 183
33 137
56 137
56 85
79 85
46 79
15 46
15 200
62 200
62 180
102 180
82 102
46 82
46 162
155 162
108 155
108 164
127 164
9 127
9 128
81 128
81 185
185 188
151 188
126 151
126 200
29 200
29 96
96 159
159 199
173 199
130 173
24 130
24 31
31 135
35 135
16 35
16 125
52 125
52 85
43 85
43 191
152 191
57 152
57 133
131 133
48 131
48 180
152 180
152 165
151 165
137 151
98 137
98 108
108 173
44 173
33 44
33 132
45 132
45 97
30 97
2 30
2 159
144 159
86 144
86 93
93 123
108 123
41 108
