1978
144 162
162 168
93 168
31 93
31 135
122 135
16 122
16 120
31 120
31 127
81 127
81 84
39 84
39 192
192 200
115 200
115 153
132 153
27 132
27 49
49 177
174 177
122 174
122 181
93 181
93 173
121 173
54 121
54 170
137 170
59 137
59 61
61 67
67 137
36 137
36 149
103 149
83 103
16 83
16 56
56 96
33 96
3 33
3 164
162 164
162 172
78 172
78 107
35 107
35 195
88 195
53 88
9 53
9 19
19 26
26 115
29 115
29 116
81 116
70 81
70 189
144 189
144 194
51 194
51 182
173 182
8 173
8 141
141 147
86 147
86 114
114 182
130 182
109 130
109 138
60 138
60 101
83 101
83 89
89 193
67 193
19 67
19 98
64 98
22 64
22 86
76 86
34 76
34 52
52 107
107 160
125 160
15 125
15 154
97 154
56 97
56 197
161 197
6 161
6 136
136 140
140 163
87 163
87 176
162 176
120 162
120 193
178 193
40 178
15 40
15 130
67 130
14 67
14 156
115 156
32 115
14 32
1 14
1 4
4 13
13 92
90 92
90 163
21 163
21 125
82 125
0 82
0 138
138 141
141 200
130 200
71 130
71 156
37 156
2 37
2 98
98 117
33 117
33 71
71 115
115 164
99 164
99 142
103 142
10 103
10 99
28 99
28 153
95 153
95 108
47 108
47 103
28 103
28 69
69 88
88 125
125 193
88 193
88 173
118 173
55 118
55 196
107 196
107 184
183 184
139 183
14 139
14 118
118 153
153 160
160 161
54 161
54 195
84 195
24 84
24 95
95 103
103 147
20 147
20 54
54 81
77 81
77 135
135 187
164 187
164 166
58 166
58 93
37 93
37 110
110 184
58 184
58 59
25 59
25 70
70 86
86 171
171 188
144 188
120 144
96 120
6 96
6 173
1 173
1 73
73 91
42 91
42 142
142 147
147 192
66 192
16 66
16 99
99 186
129 186
105 129
105 106
106 122
6 122
6 168
59 168
55 59
55 87
87 109
109 186
186 199
107 199
107 136
136 179
179 198
107 198
2 107
2 136
14 136
14 131
131 172
19 172
19 60
60 179
179 193
12 193
12 128
83 128
83 117
117 157
111 157
111 196
118 196
118 168
46 168
21 46
21 94
29 94
29 130
20 130
20 33
24 33
24 126
126 139
82 139
82 137
137 149
15 149
15 66
66 161
161 192
107 192
43 107
28 43
28 183
135 183
54 135
54 156
146 156
63 146
38 63
38 192
138 192
138 189
17 189
17 167
82 167
82 171
171 198
143 198
80 143
52 80
52 165
141 165
141 193
30 193
30 110
110 180
37 180
37 87
87 199
124 199
124 139
36 139
36 46
46 136
136 190
42 190
42 111
111 175
104 175
31 104
31 117
2 117
2 133
133 146
137 146
137 140
27 140
27 130
39 130
39 70
70 167
60 167
60 183
114 183
35 114
35 169
103 169
79 103
61 79
43 61
43 55
55 188
185 188
80 185
80 136
136 187
187 189
112 189
17 112
17 160
139 160
104 139
79 104
15 79
15 93
77 93
77 185
60 185
60 174
153 174
106 153
106 197
175 197
175 187
24 187
24 180
135 180
135 186
26 186
26 156
156 177
58 177
58 77
77 159
103 159
53 103
53 62
62 97
97 174
165 174
153 165
153 177
25 177
25 103
38 103
38 53
53 109
98 109
98 123
33 123
33 134
134 151
151 195
34 195
34 92
92 184
12 184
12 131
131 176
46 176
46 182
35 182
35 49
13 49
13 50
50 79
79 159
13 159
13 162
139 162
7 139
1 7
1 21
21 123
55 123
55 60
60 110
48 110
48 174
155 174
57 155
48 57
48 183
39 183
39 186
162 186
60 162
28 60
28 177
177 186
71 186
71 128
37 128
37 104
104 128
128 179
111 179
111 124
124 160
30 160
30 89
89 131
0 131
0 179
68 179
68 150
45 150
42 45
0 42
0 52
52 155
60 155
60 118
118 174
12 174
12 98
38 98
10 38
10 190
140 190
88 140
49 88
49 101
23 101
23 97
97 119
119 157
86 157
86 126
126 189
165 189
109 165
61 109
23 61
23 152
15 152
15 132
132 197
64 197
64 133
133 164
109 164
109 134
79 134
66 79
66 115
34 115
19 34
19 49
49 90
90 188
41 188
41 85
10 85
10 89
89 187
165 187
65 165
65 147
147 180
173 180
159 173
31 159
31 134
102 134
28 102
28 127
21 127
21 28
28 44
44 66
12 66
12 105
105 149
102 149
41 102
41 125
67 125
66 67
66 162
162 193
27 193
27 32
32 178
136 178
8 136
7 8
7 13
13 86
44 86
44 54
54 101
101 120
120 141
40 141
40 58
58 73
73 83
83 130
130 138
85 138
85 96
96 127
127 198
83 198
59 83
44 59
44 138
76 138
76 98
98 118
94 118
17 94
17 95
95 145
56 145
56 84
84 86
86 181
66 181
66 188
100 188
63 100
15 63
15 19
19 36
25 36
25 171
77 171
4 77
4 192
164 192
86 164
86 150
150 178
117 178
117 200
38 200
38 89
89 95
70 95
70 148
119 148
119 133
81 133
81 179
58 179
44 58
44 48
27 48
27 176
136 176
130 136
4 130
4 53
53 145
90 145
39 90
39 138
84 138
84 171
171 176
10 176
10 188
78 188
78 144
132 144
11 132
11 152
152 179
12 179
12 72
72 108
102 108
14 102
14 108
108 138
118 138
82 118
82 198
166 198
68 166
68 70
19 70
19 97
97 139
46 139
46 160
67 160
67 143
62 143
62 145
87 145
33 87
33 141
141 160
156 160
149 156
132 149
132 187
23 187
23 32
32 170
22 170
22 169
44 169
44 171
30 171
30 36
36 115
93 115
27 93
27 43
31 43
31 103
103 179
78 179
78 171
93 171
93 177
78 177
6 78
6 42
42 167
100 167
46 100
46 124
98 124
98 157
21 157
21 116
41 116
41 154
1 154
1 24
24 74
74 133
133 173
53 173
53 61
55 61
54 55
54 62
29 62
29 39
39 99
84 99
84 182
68 182
68 120
120 196
158 196
123 158
15 123
15 48
48 167
97 167
6 97
6 91
12 91
12 195
48 195
48 125
63 125
19 63
19 143
6 143
6 106
106 134
49 134
21 49
21 132
132 162
68 162
68 104
104 167
167 172
14 172
14 59
54 59
54 176
138 176
2 138
2 167
115 167
88 115
88 131
69 131
69 90
78 90
78 101
25 101
25 121
15 121
15 23
23 200
185 200
81 185
81 163
158 163
58 158
14 58
14 16
2 16
2 43
43 85
70 85
70 139
139 180
61 180
61 87
87 177
52 177
52 95
95 131
64 131
64 76
76 194
75 194
75 95
95 166
149 166
86 149
86 168
122 168
69 122
69 188
113 188
70 113
70 76
2 76
2 60
29 60
29 69
69 77
5 77
5 171
16 171
16 191
189 191
47 189
31 47
31 148
96 148
96 153
98 153
10 98
10 120
120 164
147 164
132 147
132 136
136 169
153 169
151 153
33 151
33 114
114 188
8 188
8 58
58 132
31 132
31 55
55 185
41 185
30 41
30 195
27 195
27 42
42 79
79 80
34 80
34 176
135 176
9 135
9 59
59 80
65 80
65 143
121 143
116 121
116 175
44 175
44 153
14 153
14 112
95 112
41 95
41 75
75 177
177 199
10 199
1 10
1 118
62 118
62 141
38 141
38 142
95 142
83 95
83 140
140 166
157 166
157 164
164 184
80 184
41 80
41 152
33 152
33 106
106 158
1 158
1 186
186 200
90 200
68 90
68 98
98 186
42 186
42 109
56 109
56 187
104 187
104 140
140 178
10 178
10 54
42 54
42 70
70 143
143 183
98 183
26 98
26 170
30 170
30 145
73 145
43 73
43 45
45 51
51 185
148 185
39 148
39 122
82 122
82 153
56 153
56 181
100 181
100 109
109 151
110 151
110 174
142 174
0 142
0 15
15 164
27 164
27 38
38 164
123 164
120 123
48 120
48 161
14 161
6 14
6 81
81 191
41 191
41 129
129 143
73 143
50 73
50 163
131 163
131 173
124 173
41 124
41 164
164 195
180 195
83 180
29 83
29 96
24 96
24 58
58 144
69 144
5 69
5 178
161 178
31 161
29 31
29 105
95 105
95 133
54 133
18 54
18 166
166 170
48 170
4 48
4 81
81 160
4 160
4 73
73 158
25 158
25 160
101 160
101 168
32 168
32 194
180 194
180 189
25 189
25 157
157 198
153 198
41 153
41 135
74 135
74 175
175 194
127 194
89 127
23 89
23 130
12 130
12 109
33 109
32 33
32 121
19 121
19 94
34 94
34 168
23 168
23 45
45 85
85 174
26 174
26 124
22 124
22 53
53 107
107 141
95 141
56 95
56 66
6 66
6 184
100 184
60 100
60 123
69 123
69 78
78 149
148 149
27 148
27 183
24 183
24 137
100 137
100 104
89 104
89 141
16 141
16 78
31 78
31 97
97 106
76 106
76 148
21 148
21 140
50 140
50 200
138 200
138 159
129 159
111 129
82 111
82 184
60 184
47 60
47 65
65 112
112 115
115 137
137 173
171 173
10 171
10 77
77 175
139 175
139 161
161 193
101 193
101 146
20 146
20 25
10 25
10 71
71 78
78 94
24 94
24 135
44 135
44 115
78 115
78 114
48 114
48 141
64 141
5 64
5 93
93 97
27 97
27 155
155 160
138 160
59 138
59 182
7 182
7 47
47 69
30 69
30 191
85 191
85 146
146 172
122 172
83 122
83 134
134 196
151 196
85 151
18 85
18 162
50 162
4 50
4 93
85 93
85 196
195 196
186 195
17 186
17 43
43 131
77 131
26 77
26 180
78 180
78 126
126 199
71 199
71 138
138 184
32 184
32 91
47 91
47 158
111 158
109 111
76 109
76 117
73 117
72 73
72 80
80 179
99 179
83 99
83 155
93 155
93 142
142 185
132 185
132 172
44 172
44 117
66 117
40 66
40 151
121 151
113 121
113 131
131 147
147 188
142 188
129 142
112 129
112 151
151 163
58 163
58 65
65 90
90 160
73 160
73 95
95 194
14 194
14 51
5 51
5 67
67 199
4 199
4 107
64 107
64 90
90 101
73 101
73 151
43 151
43 135
68 135
68 116
26 116
26 164
75 164
75 120
88 120
5 88
5 54
54 91
91 127
125 127
125 184
184 185
104 185
104 145
137 145
81 137
81 110
110 194
58 194
58 190
52 190
52 55
55 193
68 193
68 127
93 127
93 178
92 178
92 200
24 200
24 139
17 139
17 19
11 19
11 57
57 185
30 185
30 164
12 164
12 192
27 192
27 178
47 178
4 47
4 23
23 119
44 119
44 107
107 113
26 113
26 138
52 138
52 78
78 153
112 153
112 133
84 133
84 149
133 149
8 133
8 27
27 116
92 116
92 195
163 195
122 163
40 122
40 186
32 186
32 134
34 134
34 99
99 106
106 113
14 113
14 126
126 129
106 129
47 106
47 159
159 174
20 174
20 198
43 198
43 121
17 121
17 178
178 179
70 179
70 159
41 159
41 92
92 185
185 194
167 194
158 167
158 178
4 178
4 79
79 161
65 161
38 65
38 56
43 56
43 157
130 157
130 191
57 191
57 127
80 127
80 180
153 180
153 171
171 182
122 182
20 122
20 153
35 153
35 110
107 110
54 107
54 150
150 177
142 177
64 142
64 117
117 134
134 176
165 176
64 165
25 64
2 25
2 178
64 178
57 64
57 100
30 100
30 61
49 61
49 130
58 130
55 58
55 86
72 86
56 72
56 177
151 177
120 151
28 120
28 181
123 181
123 175
174 175
174 197
53 197
53 134
25 134
15 25
15 74
23 74
23 63
21 63
9 21
9 65
30 65
12 30
12 135
19 135
19 126
100 126
100 106
68 106
68 160
160 196
110 196
76 110
76 177
124 177
124 176
52 176
52 187
187 196
145 196
97 145
49 97
49 147
147 149
149 162
2 162
2 148
109 148
99 109
99 188
20 188
20 91
79 91
79 157
38 157
38 172
88 172
77 88
66 77
66 179
65 179
65 171
38 171
38 146
32 146
32 51
51 158
158 164
36 164
22 36
22 153
121 153
108 121
108 120
120 168
168 173
173 192
23 192
23 50
50 76
76 200
5 200
5 165
118 165
30 118
30 174
147 174
139 147
12 139
12 129
93 129
93 153
67 153
67 192
16 192
16 165
144 165
144 180
131 180
129 131
129 162
107 162
107 118
72 118
72 122
122 185
40 185
31 40
31 38
38 109
74 109
1 74
1 168
75 168
75 193
76 193
54 76
54 158
143 158
143 153
130 153
35 130
35 134
91 134
91 141
141 143
143 197
117 197
99 117
59 99
59 73
73 82
9 82
9 181
90 181
22 90
22 142
142 152
107 152
107 179
179 190
169 190
130 169
3 130
3 172
28 172
9 28
9 32
32 185
136 185
36 136
21 36
21 96
46 96
13 46
13 14
14 174
77 174
77 132
64 132
64 174
162 174
124 162
124 137
137 190
141 190
57 141
57 144
56 144
56 75
61 75
52 61
47 52
32 47
32 76
76 115
85 115
30 85
30 58
58 197
89 197
20 89
20 82
82 120
25 120
25 126
18 126
18 191
20 191
20 79
79 169
145 169
136 145
72 136
72 97
97 122
112 122
31 112
31 123
123 184
99 184
43 99
43 148
111 148
111 199
197 199
97 197
13 97
13 161
76 161
3 76
3 199
69 199
69 151
151 186
4 186
4 56
56 61
61 103
103 124
124 171
125 171
125 178
1 178
1 142
121 142
16 121
16 41
31 41
31 173
63 173
18 63
15 18
15 52
52 98
79 98
40 79
40 59
22 59
22 167
16 167
16 145
126 145
125 126
125 179
86 179
86 155
4 155
4 139
139 153
153 183
49 183
49 198
139 198
134 139
130 134
130 152
58 152
56 58
56 116
114 116
114 157
157 181
136 181
136 153
107 153
107 140
75 140
75 163
125 163
125 191
114 191
114 185
16 185
16 54
54 79
18 79
18 38
37 38
37 199
52 199
52 97
97 133
133 160
28 160
28 93
93 121
1 121
1 51
51 60
37 60
37 40
40 101
101 172
160 172
10 160
10 155
155 179
115 179
108 115
21 108
21 23
23 103
15 103
15 59
59 195
83 195
27 83
27 72
72 90
90 98
98 132
28 132
18 28
18 110
90 110
90 116
73 116
5 73
5 38
38 75
40 75
40 112
112 159
68 159
68 173
71 173
49 71
28 49
28 38
38 45
45 176
107 176
107 163
109 163
109 146
48 146
3 48
3 49
49 54
54 96
96 103
103 138
24 138
24 63
9 63
9 185
39 185
39 137
41 137
14 41
14 199
106 199
106 178
169 178
167 169
21 167
21 62
10 62
10 191
191 193
112 193
86 112
30 86
30 105
102 105
99 102
99 147
147 163
84 163
84 190
87 190
46 87
46 122
122 161
41 161
41 172
172 195
11 195
11 35
35 161
161 182
70 182
65 70
65 160
47 160
47 54
38 54
38 196
162 196
125 162
98 125
98 195
47 195
47 59
59 149
149 167
18 167
18 147
57 147
57 95
95 172
172 178
30 178
30 133
133 198
57 198
57 162
162 177
50 177
50 113
113 141
46 141
46 47
19 47
19 158
37 158
35 37
35 179
117 179
117 192
110 192
93 110
72 93
72 74
74 184
59 184
59 64
64 188
91 188
91 125
61 125
61 63
46 63
46 94
67 94
67 156
156 197
145 197
57 145
57 169
83 169
83 98
98 163
163 189
145 189
145 182
182 188
123 188
42 123
42 52
1 52
1 180
13 180
13 138
66 138
66 142
142 196
92 196
92 142
136 142
22 136
22 147
93 147
14 93
14 35
35 113
76 113
16 76
16 101
101 181
72 181
72 154
139 154
62 139
39 62
11 39
11 167
95 167
95 109
109 136
11 136
11 64
64 125
125 182
86 182
5 86
5 22
22 41
41 146
79 146
55 79
29 55
29 155
155 185
173 185
90 173
11 90
11 113
28 113
28 72
72 113
112 113
102 112
71 102
71 179
179 186
50 186
50 157
157 159
159 170
170 174
106 174
106 116
116 130
114 130
57 114
57 92
92 153
128 153
41 128
41 147
133 147
0 133
0 11
11 93
93 145
118 145
91 118
91 116
37 116
19 37
19 134
57 134
57 197
15 197
15 198
7 198
7 162
69 162
11 69
11 46
46 150
84 150
84 140
54 140
54 80
80 117
36 117
4 36
4 45
16 45
16 170
112 170
112 187
161 187
124 161
124 189
83 189
47 83
35 47
35 69
69 72
72 132
55 132
55 102
102 126
90 126
5 90
5 152
65 152
65 174
10 174
10 125
125 143
143 177
86 177
33 86
33 140
42 140
42 61
61 90
90 96
96 119
1 119
1 106
31 106
31 109
96 109
14 96
14 100
70 100
70 102
27 102
27 143
143 199
18 199
18 78
12 78
12 125
125 129
39 129
20 39
20 113
7 113
7 80
50 80
50 152
152 157
157 172
145 172
22 145
22 197
169 197
169 187
88 187
88 197
102 197
18 102
18 184
46 184
30 46
22 30
22 185
185 195
189 195
105 189
64 105
37 64
6 37
6 133
49 133
29 49
29 174
37 174
37 132
102 132
102 187
4 187
4 112
62 112
32 62
32 187
67 187
67 149
106 149
12 106
12 200
104 200
104 136
113 136
113 158
77 158
77 150
150 189
101 189
101 150
135 150
50 135
50 171
96 171
15 96
15 115
37 115
37 176
176 189
77 189
77 157
157 161
106 161
17 106
17 159
128 159
94 128
94 151
68 151
57 68
57 152
32 152
32 140
72 140
72 91
91 98
86 98
12 86
4 12
4 65
65 177
72 177
58 72
48 58
