100
122656839 40920951
943920434 22271339
819897187 463430494
561641176 392990413
741450918 151048378
853946560 497319855
742338086 534546297
105814855 60801358
287075371 272387573
778672979 487108342
34624500 26273059
830429739 352214369
901115149 123338351
565699171 177383019
121211960 89941296
153538909 30670597
601411203 477594720
194510978 165498279
424715706 404388219
323026628 131291317
489707988 471638525
616691134 285857845
506803856 130071859
213498790 118269685
727615419 561112540
730098363 383331239
431984574 334715436
766895000 452087444
896833304 875815956
213960376 123222642
366152491 266753367
829195961 513153499
532420108 438831018
703539228 97680371
726556886 461033421
18375979 3489338
916664104 576772869
937518502 273503300
213378891 21768768
415876545 80246626
150839967 85604467
497666268 56035410
859990797 256957817
162799626 116327788
78045432 122656839
26842305 458752520
505043046 943920434
58485031 311982418
40694412 139778042
16009789 402096419
199655383 819897187
348394266 456495462
287919854 561641176
140240479 836093626
37958652 741450918
642450375 853946560
437321047 742338086
311736692 379697847
91192979 105814855
23075568 287075371
620279940 778672979
12616059 34624500
394146786 783994511
578868142 830429739
787001054 901115149
78372440 863532812
547428715 565699171
4989824 121211960
59282593 153538909
67136969 225627410
203461929 601411203
92920876 194510978
100379519 245376288
40203766 607651824
397961581 424715706
146979630 294292352
261444635 677547717
1998299 144832819
170132360 323026628
60557489 327272718
224381896 489707988
222585308 925482571
242698135 463540696
280908369 889633060
127279168 668151474
585435261 932070398
780573336 957817934
485274037 616691134
18577190 62925307
464535594 506803856
278468223 450186935
272845638 744051770
190948025 213498790
520820413 727615419
311157065 532767697
263687042 730098363
106028615 705323354
14775321 608703284
192366471 431984574
209935182 640395021
369723348 668866742
461308109 991925994
504810399 778030095
746184017 766895000
53490111 896833304
130415801 213960376
519792571 639328447
34523959 403212993
78880309 865700294
291777759 786329972
60310793 366152491
135418659 829195961
350502406 532420108
64554525 613296743
1729000 346328560
694708652 816552857
526224976 703539228
102302130 660555881
151408120 625938434
8360085 980029045
725016777 726556886
15321763 18375979
910612846 916664104
467775933 616363595
217988487 937518502
583176977 638924731
741106766 796029529
35541576 213378891
31640041 415876545
117342894 554375064
490617413 711418975
409911374 562042006
148951607 150839967
64154913 633605703
453994994 497666268
162406823 834928852
158225124 540614093
656805492 989898478
518075971 560545184
148919558 448290504
266585209 782286818
559783099 859990797
164776609 558572286
113768730 162799626
