157 3640
1 2 306
1 6 16
1 12 525
1 14 268
1 17 190
1 19 647
1 21 539
1 25 544
1 27 289
1 32 767
1 33 439
1 36 846
1 37 466
1 41 10
1 45 41
1 46 566
1 47 577
1 50 61
1 51 931
1 59 177
1 61 689
1 62 905
1 63 163
1 64 388
1 65 518
1 66 643
1 67 274
1 72 991
1 74 443
1 75 137
1 77 852
1 81 747
1 82 650
1 88 515
1 90 29
1 92 60
1 94 666
1 102 602
1 113 410
1 114 738
1 119 810
1 123 474
1 127 674
1 128 538
1 137 302
1 144 598
1 145 334
1 146 873
1 148 14
1 150 689
1 151 674
2 3 816
2 5 184
2 6 296
2 8 978
2 10 555
2 13 269
2 14 311
2 17 314
2 26 24
2 30 311
2 31 267
2 34 306
2 35 96
2 40 107
2 42 810
2 43 829
2 46 274
2 52 629
2 54 596
2 57 822
2 58 220
2 59 333
2 66 361
2 72 501
2 75 902
2 78 272
2 81 58
2 83 14
2 86 645
2 87 468
2 92 139
2 93 188
2 99 594
2 102 890
2 103 555
2 107 564
2 109 881
2 111 585
2 112 786
2 114 498
2 119 741
2 123 930
2 126 706
2 128 364
2 133 887
2 134 816
2 135 339
2 137 122
2 144 39
2 149 689
2 151 515
2 154 120
3 4 921
3 7 718
3 8 454
3 12 915
3 15 982
3 22 543
3 25 346
3 28 555
3 46 491
3 47 64
3 53 747
3 54 208
3 57 369
3 63 145
3 65 880
3 67 114
3 70 85
3 86 467
3 90 166
3 93 257
3 99 612
3 101 477
3 106 130
3 109 327
3 112 871
3 114 961
3 119 922
3 121 561
3 122 698
3 128 239
3 129 675
3 132 9
3 136 698
3 141 689
3 147 411
3 148 303
3 149 320
3 153 613
3 155 802
3 157 296
4 12 622
4 17 553
4 18 772
4 20 975
4 21 90
4 24 642
4 27 778
4 37 656
4 38 307
4 39 388
4 40 975
4 43 469
4 46 376
4 49 471
4 50 561
4 51 290
4 54 916
4 56 515
4 57 926
4 58 136
4 60 59
4 63 96
4 64 33
4 66 993
4 71 48
4 72 412
4 74 997
4 75 565
4 79 225
4 86 983
4 89 224
4 99 490
4 106 347
4 111 60
4 112 693
4 115 954
4 118 236
4 124 205
4 130 403
4 133 157
4 134 740
4 135 645
4 137 111
4 139 318
4 144 578
4 151 786
4 152 712
4 153 770
4 157 919
5 6 596
5 8 285
5 9 39
5 11 469
5 12 575
5 14 592
5 21 565
5 23 183
5 24 866
5 27 672
5 32 530
5 35 624
5 37 847
5 38 554
5 46 642
5 48 172
5 50 193
5 51 690
5 52 414
5 53 61
5 64 310
5 68 140
5 69 617
5 76 70
5 77 708
5 78 457
5 80 801
5 82 968
5 87 1000
5 92 709
5 93 759
5 94 999
5 95 698
5 98 687
5 102 361
5 106 290
5 117 285
5 119 704
5 122 478
5 128 618
5 129 970
5 132 33
5 133 506
5 135 393
5 141 437
5 147 614
5 153 604
6 8 365
6 9 322
6 11 812
6 13 281
6 15 569
6 20 600
6 25 21
6 30 790
6 40 832
6 43 331
6 44 953
6 46 629
6 48 3
6 66 737
6 68 905
6 70 446
6 73 74
6 77 844
6 86 672
6 89 557
6 94 620
6 108 251
6 111 934
6 115 567
6 116 180
6 121 559
6 124 197
6 125 845
6 128 881
6 129 453
6 136 636
6 138 279
6 142 437
6 146 997
6 147 1
6 154 415
6 155 917
7 13 397
7 20 762
7 21 542
7 22 396
7 29 344
7 33 221
7 38 764
7 41 414
7 46 466
7 51 814
7 54 12
7 56 812
7 58 957
7 69 98
7 70 344
7 75 684
7 78 500
7 79 371
7 80 931
7 90 151
7 93 984
7 94 184
7 95 528
7 96 266
7 100 1000
7 102 10
7 117 822
7 121 830
7 149 730
7 152 5
7 153 567
7 155 621
7 156 677
7 157 81
8 13 13
8 14 296
8 18 74
8 19 93
8 25 77
8 28 270
8 29 922
8 32 438
8 33 360
8 34 905
8 37 572
8 38 78
8 47 12
8 48 927
8 53 953
8 55 487
8 59 434
8 64 341
8 65 886
8 69 340
8 74 339
8 75 940
8 76 836
8 77 259
8 85 676
8 86 848
8 93 535
8 94 489
8 95 690
8 96 382
8 102 843
8 104 561
8 105 914
8 106 872
8 108 336
8 109 976
8 110 438
8 114 736
8 121 538
8 128 961
8 129 782
8 130 708
8 133 581
8 137 442
8 142 967
8 147 498
8 149 241
8 150 259
8 152 766
8 153 558
8 155 329
8 156 153
9 10 238
9 11 219
9 13 689
9 17 691
9 18 451
9 19 948
9 23 34
9 26 241
9 27 737
9 29 412
9 30 319
9 34 227
9 36 532
9 41 755
9 42 616
9 43 224
9 48 222
9 53 37
9 64 306
9 69 710
9 72 762
9 74 952
9 80 823
9 81 532
9 83 76
9 84 901
9 88 483
9 95 254
9 97 611
9 98 602
9 104 383
9 105 851
9 108 239
9 109 476
9 111 188
9 112 103
9 113 45
9 117 272
9 118 475
9 122 831
9 123 385
9 126 199
9 129 288
9 133 341
9 135 7
9 136 180
9 138 74
9 142 154
9 143 271
9 144 381
9 150 586
9 152 512
9 153 74
10 11 46
10 12 621
10 26 336
10 28 179
10 38 59
10 41 526
10 44 575
10 46 993
10 49 581
10 51 619
10 53 721
10 55 851
10 59 459
10 62 854
10 65 771
10 68 112
10 70 609
10 74 371
10 78 343
10 79 336
10 83 68
10 86 110
10 96 298
10 102 177
10 104 582
10 109 104
10 115 755
10 116 156
10 124 406
10 135 819
10 138 523
10 139 93
10 140 657
10 141 77
10 145 115
10 146 880
10 151 795
11 16 935
11 18 28
11 19 391
11 24 89
11 29 664
11 30 911
11 31 774
11 35 354
11 36 420
11 39 958
11 50 508
11 53 399
11 54 491
11 55 91
11 59 430
11 64 722
11 66 391
11 75 241
11 77 139
11 79 523
11 83 427
11 89 183
11 91 328
11 96 165
11 100 796
11 101 36
11 104 881
11 107 31
11 108 88
11 118 966
11 125 397
11 131 612
11 138 763
11 140 729
11 143 999
11 144 928
11 146 936
11 149 995
12 14 651
12 15 748
12 16 782
12 21 903
12 27 617
12 29 18
12 32 258
12 36 438
12 37 57
12 41 327
12 44 638
12 49 30
12 50 597
12 52 883
12 53 35
12 54 798
12 62 571
12 71 119
12 72 519
12 73 222
12 80 770
12 87 282
12 90 764
12 93 718
12 94 604
12 96 949
12 103 421
12 112 122
12 118 777
12 120 5
12 122 365
12 123 125
12 125 644
12 126 618
12 129 934
12 130 695
12 132 242
12 133 399
12 134 528
12 139 21
12 141 449
12 145 335
12 146 92
12 147 874
12 149 173
12 150 504
12 151 438
13 22 668
13 25 806
13 29 409
13 31 479
13 33 827
13 34 585
13 39 70
13 40 68
13 41 86
13 42 806
13 48 188
13 53 845
13 56 239
13 58 428
13 63 986
13 66 107
13 73 219
13 76 522
13 79 462
13 81 550
13 87 544
13 89 85
13 91 186
13 92 608
13 94 691
13 101 56
13 102 141
13 106 601
13 119 351
13 121 122
13 123 966
13 124 304
13 126 151
13 127 426
13 135 744
13 138 918
13 142 388
13 146 366
13 149 661
13 151 406
13 152 545
14 19 602
14 27 770
14 28 996
14 30 699
14 34 549
14 36 831
14 39 540
14 50 242
14 52 283
14 53 655
14 55 488
14 62 279
14 64 96
14 71 643
14 75 890
14 81 448
14 90 18
14 92 206
14 96 331
14 98 183
14 102 516
14 106 466
14 112 390
14 114 501
14 115 281
14 116 339
14 118 629
14 120 755
14 126 619
14 128 98
14 129 152
14 132 16
14 134 349
14 140 838
14 141 769
14 142 635
14 145 50
14 149 242
15 16 119
15 17 119
15 19 8
15 20 667
15 22 428
15 24 318
15 26 488
15 30 148
15 36 918
15 40 635
15 48 856
15 49 337
15 50 754
15 55 755
15 57 182
15 58 911
15 61 754
15 65 418
15 66 914
15 67 441
15 71 681
15 75 232
15 76 743
15 78 338
15 79 549
15 83 896
15 84 363
15 87 443
15 90 262
15 94 102
15 97 227
15 98 722
15 101 646
15 104 377
15 113 392
15 122 694
15 127 425
15 135 682
15 136 690
15 142 790
15 145 45
15 146 244
15 147 639
15 148 194
15 150 666
15 155 64
15 156 289
16 18 226
16 19 242
16 22 832
16 23 782
16 25 635
16 29 92
16 30 78
16 36 774
16 39 255
16 41 758
16 45 609
16 47 589
16 51 859
16 54 60
16 59 20
16 61 314
16 63 684
16 66 239
16 69 173
16 76 533
16 77 856
16 78 209
16 81 758
16 91 376
16 94 552
16 96 275
16 98 405
16 101 956
16 113 565
16 116 742
16 117 777
16 118 738
16 127 219
16 128 559
16 130 152
16 131 944
16 133 420
16 134 915
16 136 740
16 140 461
16 142 261
16 145 908
16 150 904
16 155 821
17 18 637
17 19 350
17 27 574
17 28 77
17 33 48
17 34 195
17 36 69
17 42 533
17 46 15
17 50 63
17 56 851
17 57 687
17 58 505
17 59 510
17 68 465
17 71 31
17 73 291
17 74 273
17 80 226
17 83 752
17 86 179
17 89 659
17 90 183
17 92 258
17 94 301
17 95 309
17 96 375
17 98 873
17 99 219
17 101 937
17 113 541
17 114 778
17 115 229
17 118 355
17 120 591
17 122 53
17 124 635
17 127 559
17 131 8
17 132 740
17 143 456
17 145 358
17 151 786
17 152 474
17 155 627
18 25 959
18 26 912
18 31 530
18 38 367
18 40 930
18 41 423
18 43 577
18 47 152
18 48 814
18 50 833
18 52 727
18 53 380
18 54 443
18 60 838
18 65 55
18 69 216
18 71 79
18 77 16
18 78 632
18 81 254
18 88 33
18 98 623
18 99 937
18 101 639
18 102 564
18 103 629
18 107 750
18 110 937
18 111 463
18 126 194
18 128 861
18 132 211
18 135 517
18 142 14
18 152 78
18 154 944
19 20 188
19 22 576
19 24 596
19 31 931
19 36 285
19 43 971
19 47 117
19 52 796
19 53 28
19 59 827
19 61 199
19 64 738
19 66 834
19 67 613
19 71 74
19 73 882
19 75 521
19 80 389
19 82 925
19 84 322
19 85 319
19 89 634
19 98 716
19 99 281
19 100 542
19 101 34
19 102 539
19 103 309
19 107 470
19 109 488
19 111 398
19 112 292
19 116 450
19 117 275
19 121 367
19 122 336
19 127 215
19 129 799
19 134 698
19 135 278
19 140 912
19 142 630
19 143 351
19 144 293
19 154 879
19 156 990
20 22 760
20 26 385
20 27 284
20 28 178
20 32 823
20 33 562
20 36 405
20 40 867
20 45 193
20 46 309
20 53 393
20 59 27
20 64 687
20 65 386
20 68 880
20 69 181
20 70 698
20 71 167
20 74 765
20 79 217
20 84 967
20 88 708
20 89 163
20 92 819
20 109 805
20 112 979
20 116 342
20 118 794
20 123 308
20 124 578
20 126 297
20 127 5
20 129 879
20 130 233
20 138 633
20 141 711
20 142 611
20 143 262
20 145 425
20 151 717
21 27 161
21 29 303
21 30 855
21 32 583
21 35 495
21 40 564
21 41 440
21 45 246
21 46 223
21 48 353
21 53 626
21 54 137
21 58 800
21 61 183
21 62 482
21 67 597
21 68 70
21 70 718
21 73 996
21 75 48
21 77 36
21 79 46
21 81 746
21 83 452
21 87 827
21 90 273
21 95 487
21 99 25
21 102 235
21 104 874
21 109 490
21 110 736
21 111 867
21 112 567
21 113 36
21 120 693
21 121 910
21 125 596
21 128 263
21 133 571
21 134 293
21 137 777
21 140 43
21 144 299
21 146 124
21 147 437
21 149 737
21 152 715
22 25 940
22 30 284
22 32 274
22 34 145
22 39 583
22 46 240
22 47 768
22 48 376
22 53 768
22 54 356
22 60 506
22 61 168
22 69 651
22 71 556
22 75 963
22 76 105
22 79 474
22 81 724
22 85 484
22 88 587
22 89 787
22 106 842
22 113 152
22 114 337
22 115 301
22 121 874
22 125 92
22 126 121
22 127 848
22 130 732
22 135 341
22 136 539
22 140 34
22 142 303
22 150 35
22 154 447
23 29 128
23 35 662
23 38 941
23 40 898
23 41 278
23 42 577
23 46 772
23 51 90
23 56 200
23 66 899
23 71 313
23 73 732
23 75 747
23 76 538
23 77 30
23 82 319
23 85 424
23 87 651
23 91 217
23 92 747
23 101 769
23 112 186
23 113 78
23 120 871
23 121 829
23 122 506
23 128 745
23 129 990
23 137 488
23 138 139
23 144 726
23 147 114
23 151 815
23 155 71
23 156 228
24 28 875
24 30 987
24 36 363
24 42 802
24 47 993
24 57 131
24 61 195
24 63 937
24 64 112
24 69 842
24 70 128
24 76 78
24 77 215
24 81 654
24 82 559
24 83 422
24 84 509
24 94 134
24 98 376
24 107 702
24 108 31
24 113 648
24 115 482
24 116 887
24 126 408
24 127 173
24 134 26
24 137 443
24 138 44
24 143 519
24 144 351
24 145 907
24 147 227
24 150 955
24 153 501
24 154 547
24 157 203
25 26 917
25 28 956
25 33 525
25 35 736
25 36 236
25 39 794
25 48 839
25 50 519
25 51 360
25 52 549
25 54 573
25 55 253
25 67 389
25 68 812
25 69 719
25 70 796
25 72 972
25 75 430
25 76 875
25 77 700
25 81 778
25 87 955
25 92 169
25 94 540
25 95 946
25 98 473
25 101 730
25 102 635
25 103 195
25 106 569
25 110 169
25 112 373
25 114 450
25 119 318
25 120 179
25 121 231
25 124 367
25 126 365
25 130 894
25 133 902
25 136 896
25 142 761
25 144 60
25 151 63
25 153 307
25 155 970
25 156 978
26 37 763
26 38 564
26 40 273
26 46 792
26 47 534
26 50 445
26 54 106
26 57 621
26 58 566
26 60 332
26 61 262
26 64 21
26 74 308
26 76 363
26 77 192
26 80 551
26 81 17
26 83 954
26 90 487
26 91 249
26 92 692
26 97 316
26 98 477
26 100 527
26 101 343
26 102 895
26 107 638
26 109 881
26 113 993
26 114 958
26 116 269
26 119 713
26 120 946
26 127 492
26 128 142
26 129 72
26 132 91
26 135 413
26 144 378
26 145 688
26 148 320
26 150 77
26 151 675
26 156 556
27 28 666
27 35 916
27 40 803
27 44 699
27 48 8
27 51 230
27 54 618
27 56 997
27 66 131
27 72 964
27 73 619
27 76 338
27 77 379
27 82 87
27 85 927
27 87 413
27 89 164
27 90 101
27 93 639
27 97 577
27 98 572
27 101 741
27 102 908
27 103 357
27 114 73
27 120 669
27 121 527
27 125 608
27 130 656
27 131 935
27 133 33
27 136 342
27 145 665
28 31 802
28 33 930
28 35 668
28 36 912
28 38 92
28 41 94
28 44 216
28 49 942
28 52 188
28 53 254
28 57 902
28 65 357
28 69 580
28 79 837
28 81 925
28 83 191
28 84 398
28 90 404
28 91 964
28 94 195
28 96 369
28 99 362
28 103 939
28 105 546
28 107 298
28 123 198
28 125 23
28 128 869
28 129 721
28 133 740
28 135 399
28 137 375
28 138 529
28 142 232
28 144 471
28 146 53
28 149 1
28 154 729
29 30 526
29 31 797
29 32 56
29 40 986
29 41 279
29 42 374
29 43 896
29 46 169
29 51 745
29 61 243
29 65 344
29 72 155
29 78 150
29 79 202
29 80 439
29 81 661
29 82 999
29 90 243
29 94 93
29 95 588
29 96 562
29 104 356
29 109 306
29 110 414
29 113 420
29 115 471
29 117 533
29 119 478
29 120 366
29 122 166
29 123 867
29 124 212
29 128 768
29 131 121
29 138 319
29 139 52
29 145 131
29 150 511
29 151 97
29 154 932
29 157 181
30 31 159
30 34 765
30 35 318
30 49 239
30 51 231
30 57 412
30 62 349
30 64 425
30 69 59
30 70 836
30 83 689
30 92 219
30 96 825
30 97 457
30 98 658
30 99 129
30 101 76
30 111 182
30 115 836
30 116 708
30 118 811
30 119 835
30 123 731
30 127 605
30 130 101
30 132 610
30 134 301
30 141 668
30 144 442
30 146 630
30 148 324
30 156 882
31 33 207
31 36 55
31 39 394
31 41 326
31 42 420
31 44 659
31 48 925
31 59 77
31 62 78
31 65 527
31 66 41
31 67 375
31 72 590
31 75 903
31 78 73
31 82 262
31 86 804
31 95 777
31 100 45
31 105 244
31 109 865
31 113 304
31 115 922
31 117 602
31 118 322
31 119 878
31 123 294
31 125 302
31 127 24
31 128 208
31 130 608
31 133 328
31 135 60
31 137 413
31 138 364
31 141 485
31 147 807
31 148 173
31 153 357
31 154 950
31 156 795
31 157 147
32 33 187
32 38 399
32 39 382
32 43 120
32 44 14
32 46 572
32 50 988
32 52 101
32 58 746
32 59 701
32 60 697
32 61 296
32 65 752
32 67 158
32 69 998
32 71 210
32 72 209
32 77 456
32 78 843
32 79 945
32 80 840
32 83 202
32 85 67
32 87 830
32 94 141
32 96 524
32 97 642
32 99 150
32 108 391
32 109 415
32 116 444
32 123 453
32 128 955
32 130 287
32 131 529
32 133 988
32 134 241
32 139 330
32 140 2
32 141 340
32 145 712
32 146 244
32 148 824
33 35 693
33 37 857
33 38 648
33 42 65
33 45 102
33 46 372
33 49 316
33 56 146
33 62 515
33 66 557
33 69 258
33 73 937
33 74 285
33 76 232
33 77 757
33 80 869
33 85 696
33 88 469
33 91 858
33 92 948
33 95 65
33 97 449
33 101 768
33 103 793
33 105 1000
33 111 945
33 112 324
33 115 162
33 122 726
33 124 999
33 126 894
33 127 277
33 131 425
33 132 103
33 134 432
33 135 530
33 138 119
33 139 22
33 141 448
33 148 977
33 150 20
33 151 191
33 152 949
33 153 925
34 38 596
34 41 832
34 42 93
34 49 856
34 51 497
34 52 248
34 54 797
34 59 526
34 68 426
34 72 565
34 74 631
34 78 193
34 80 700
34 84 17
34 86 931
34 87 67
34 88 476
34 96 966
34 97 147
34 99 72
34 100 313
34 109 964
34 116 421
34 122 451
34 127 685
34 129 140
34 130 813
34 134 495
34 135 236
34 138 803
34 142 331
34 145 48
34 146 475
34 150 844
34 154 507
35 38 905
35 40 471
35 43 889
35 45 598
35 46 189
35 50 598
35 55 771
35 56 764
35 58 530
35 60 409
35 75 730
35 86 86
35 96 523
35 97 760
35 100 775
35 108 339
35 110 174
35 113 977
35 114 408
35 116 748
35 117 321
35 122 274
35 125 335
35 126 431
35 128 225
35 129 692
35 134 988
35 137 359
35 138 6
35 140 64
35 142 90
35 143 445
35 144 591
35 145 814
35 146 128
35 150 994
35 152 997
35 154 602
35 156 671
36 37 610
36 40 29
36 41 418
36 42 225
36 43 507
36 44 173
36 49 411
36 50 900
36 51 220
36 53 885
36 54 597
36 55 569
36 56 484
36 58 739
36 61 554
36 63 173
36 65 256
36 67 315
36 69 953
36 73 390
36 87 105
36 90 407
36 94 158
36 95 690
36 96 751
36 98 208
36 99 38
36 103 339
36 105 849
36 106 238
36 109 426
36 114 607
36 115 907
36 119 520
36 123 459
36 126 669
36 132 390
36 136 202
36 137 140
36 138 789
36 139 513
36 146 276
36 147 707
36 150 641
36 157 180
37 38 302
37 39 262
37 57 231
37 60 545
37 64 717
37 65 867
37 75 265
37 79 118
37 81 696
37 85 367
37 86 556
37 89 672
37 94 468
37 99 334
37 102 430
37 107 218
37 109 779
37 111 528
37 117 274
37 118 220
37 120 857
37 121 54
37 128 116
37 129 89
37 132 356
37 134 149
37 136 913
37 137 113
37 144 318
37 149 19
37 156 191
38 39 269
38 42 618
38 46 320
38 47 687
38 48 491
38 49 181
38 51 935
38 52 188
38 53 114
38 54 369
38 55 751
38 59 179
38 65 650
38 67 894
38 73 964
38 77 980
38 78 178
38 83 755
38 88 772
38 104 49
38 109 244
38 111 642
38 112 140
38 117 361
38 120 456
38 123 11
38 124 204
38 126 493
38 127 381
38 131 785
38 133 963
38 138 900
38 143 669
38 146 310
38 149 962
38 152 44
39 43 577
39 46 956
39 47 423
39 49 907
39 54 167
39 55 878
39 61 137
39 63 418
39 65 439
39 67 704
39 68 172
39 72 705
39 75 983
39 79 64
39 90 145
39 92 1
39 100 312
39 105 955
39 108 389
39 111 729
39 112 219
39 115 511
39 119 523
39 121 969
39 124 539
39 127 786
39 132 610
39 135 216
39 137 36
39 143 151
39 151 102
39 156 986
39 157 950
40 43 77
40 48 143
40 53 482
40 56 54
40 58 389
40 61 313
40 64 543
40 67 767
40 68 175
40 71 491
40 73 439
40 74 762
40 81 77
40 86 127
40 87 39
40 94 101
40 98 804
40 99 279
40 101 920
40 113 449
40 121 472
40 124 986
40 125 842
40 127 328
40 129 230
40 130 564
40 134 160
40 135 548
40 136 854
40 148 388
40 154 652
40 156 82
40 157 393
41 43 289
41 47 861
41 49 185
41 51 895
41 56 563
41 64 107
41 69 689
41 72 951
41 85 935
41 90 397
41 92 931
41 93 718
41 94 208
41 95 895
41 96 754
41 104 628
41 105 262
41 107 780
41 113 843
41 117 95
41 118 342
41 124 90
41 126 447
41 142 991
41 145 425
41 150 43
42 48 101
42 50 356
42 60 8
42 63 534
42 64 801
42 74 993
42 75 875
42 77 618
42 79 259
42 81 447
42 87 913
42 90 156
42 101 581
42 103 676
42 105 812
42 115 608
42 116 214
42 123 878
42 124 105
42 125 419
42 131 975
42 135 410
42 137 340
42 143 516
42 147 304
42 150 312
42 152 117
42 153 343
42 155 522
43 47 94
43 48 659
43 49 459
43 51 703
43 55 475
43 58 759
43 62 652
43 69 574
43 73 569
43 74 155
43 79 821
43 86 383
43 87 192
43 91 187
43 93 556
43 95 165
43 98 86
43 100 13
43 103 876
43 104 975
43 106 237
43 107 484
43 110 977
43 111 670
43 115 36
43 121 211
43 125 425
43 127 661
43 129 323
43 130 626
43 139 647
43 143 764
43 145 63
43 150 256
43 151 435
43 152 208
44 45 697
44 48 476
44 52 924
44 59 961
44 62 115
44 64 812
44 66 754
44 68 347
44 69 278
44 75 522
44 77 496
44 80 27
44 82 735
44 84 586
44 85 574
44 90 435
44 91 308
44 99 62
44 103 350
44 106 59
44 114 213
44 121 299
44 123 636
44 132 839
44 135 458
44 136 548
44 139 281
44 140 757
44 142 694
44 150 130
44 151 842
44 153 503
44 156 700
44 157 669
45 49 184
45 52 370
45 54 788
45 57 940
45 58 933
45 59 759
45 61 172
45 64 245
45 69 203
45 72 211
45 82 871
45 84 574
45 86 40
45 89 191
45 91 403
45 95 798
45 96 4
45 97 506
45 98 461
45 101 656
45 103 811
45 108 184
45 109 799
45 110 842
45 111 781
45 113 520
45 116 508
45 118 282
45 125 532
45 133 595
45 135 578
45 137 177
45 138 74
45 153 113
45 154 982
46 47 147
46 49 692
46 50 716
46 51 156
46 57 635
46 58 548
46 59 229
46 65 277
46 67 571
46 71 802
46 75 150
46 77 636
46 78 916
46 88 402
46 89 671
46 90 473
46 94 158
46 98 750
46 103 561
46 104 717
46 109 341
46 111 766
46 114 701
46 118 745
46 121 178
46 123 219
46 124 407
46 126 853
46 133 455
46 135 364
46 136 847
46 138 927
46 141 526
46 144 419
46 148 922
46 156 971
47 52 530
47 54 862
47 55 212
47 56 811
47 58 394
47 60 387
47 61 800
47 62 852
47 68 613
47 70 362
47 75 569
47 80 172
47 84 286
47 90 329
47 95 368
47 97 978
47 98 923
47 99 651
47 102 938
47 111 776
47 119 368
47 120 886
47 125 324
47 130 221
47 132 331
47 139 309
47 142 859
47 143 455
47 144 183
47 151 957
47 152 690
47 153 658
47 156 859
47 157 826
48 49 408
48 50 998
48 52 125
48 53 89
48 62 931
48 66 261
48 71 822
48 89 807
48 92 249
48 93 699
48 94 136
48 102 779
48 103 270
48 105 657
48 110 226
48 111 514
48 119 341
48 126 603
48 129 960
48 130 259
48 134 774
48 136 183
48 137 919
48 138 125
48 139 143
48 142 678
48 144 972
49 54 114
49 58 993
49 59 128
49 60 326
49 62 565
49 63 477
49 71 167
49 72 347
49 83 587
49 88 41
49 93 848
49 95 542
49 99 472
49 102 411
49 111 892
49 120 243
49 121 248
49 125 961
49 127 662
49 128 31
49 131 238
49 135 362
49 139 299
49 140 253
49 146 276
49 148 986
49 149 366
49 150 734
49 152 602
50 54 97
50 57 609
50 60 656
50 61 770
50 62 406
50 64 940
50 66 154
50 72 11
50 75 724
50 77 103
50 81 897
50 86 290
50 93 964
50 96 794
50 102 482
50 103 917
50 105 711
50 108 218
50 109 911
50 114 521
50 128 226
50 129 559
50 131 968
50 133 220
50 136 162
50 140 209
50 144 861
50 146 971
51 52 266
51 57 542
51 59 126
51 60 772
51 68 446
51 75 146
51 78 928
51 82 990
51 88 467
51 95 33
51 103 127
51 106 423
51 107 608
51 108 553
51 112 8
51 116 867
51 118 17
51 121 337
51 123 683
51 125 770
51 128 619
51 133 153
51 136 999
51 137 21
51 139 662
51 143 799
51 145 906
51 150 151
51 153 238
51 157 520
52 56 230
52 61 47
52 65 316
52 67 608
52 68 74
52 72 295
52 73 18
52 76 701
52 78 231
52 81 772
52 82 530
52 87 92
52 90 471
52 92 56
52 96 412
52 97 655
52 101 903
52 114 802
52 119 274
52 120 132
52 128 313
52 131 912
52 135 788
52 137 464
52 144 330
52 145 65
52 150 782
52 151 821
52 153 865
52 154 369
52 156 53
53 57 227
53 59 822
53 61 922
53 62 348
53 63 585
53 64 754
53 66 876
53 70 676
53 72 620
53 81 643
53 82 277
53 84 144
53 86 391
53 90 392
53 91 684
53 95 812
53 97 615
53 103 141
53 108 197
53 109 525
53 113 637
53 115 22
53 118 842
53 121 257
53 122 896
53 124 712
53 129 415
53 133 679
53 142 138
53 146 369
53 149 763
53 150 960
53 153 53
54 56 479
54 60 799
54 63 652
54 70 980
54 75 809
54 76 584
54 79 760
54 80 892
54 81 28
54 83 386
54 85 852
54 88 703
54 93 992
54 99 282
54 102 202
54 105 271
54 107 675
54 113 121
54 114 266
54 115 476
54 118 354
54 121 21
54 122 71
54 125 364
54 131 53
54 134 423
54 140 720
54 148 12
54 153 495
54 154 462
55 77 5
55 81 767
55 83 879
55 86 141
55 87 423
55 89 18
55 90 514
55 93 744
55 99 16
55 102 74
55 103 535
55 104 942
55 105 967
55 109 943
55 115 460
55 116 307
55 128 82
55 131 552
55 132 286
55 136 114
55 138 469
55 145 585
55 151 869
55 157 620
56 59 94
56 61 250
56 66 304
56 69 322
56 79 261
56 82 236
56 83 477
56 85 72
56 86 643
56 87 775
56 90 719
56 93 269
56 96 901
56 97 116
56 101 703
56 103 465
56 105 512
56 109 908
56 112 444
56 115 817
56 119 49
56 124 687
56 133 324
56 134 944
56 142 392
56 145 577
56 146 861
56 148 431
56 150 896
56 152 516
56 154 92
56 155 101
57 58 184
57 60 731
57 62 123
57 65 590
57 72 424
57 75 641
57 79 706
57 81 401
57 82 948
57 86 727
57 93 991
57 94 570
57 109 580
57 112 156
57 114 297
57 117 437
57 120 689
57 121 877
57 125 909
57 126 126
57 128 938
57 131 461
57 133 652
57 134 293
57 141 227
57 142 612
57 144 964
57 148 58
57 150 274
57 151 577
58 62 544
58 68 369
58 73 245
58 74 219
58 75 760
58 90 353
58 94 988
58 99 696
58 102 431
58 103 716
58 105 428
58 107 495
58 109 942
58 112 966
58 116 422
58 117 133
58 118 150
58 128 321
58 136 362
58 140 905
58 154 862
58 157 563
59 66 974
59 72 928
59 76 963
59 77 554
59 81 470
59 85 874
59 88 309
59 89 316
59 90 391
59 95 715
59 98 228
59 99 127
59 100 396
59 103 684
59 104 225
59 105 827
59 107 785
59 109 246
59 112 49
59 114 311
59 115 62
59 116 543
59 117 297
59 120 187
59 121 521
59 122 616
59 124 760
59 127 420
59 128 963
59 131 562
59 140 900
59 145 946
59 151 325
59 157 169
60 62 330
60 63 517
60 64 304
60 71 257
60 73 250
60 83 354
60 84 399
60 91 84
60 94 655
60 97 601
60 99 345
60 101 783
60 104 430
60 111 404
60 114 533
60 118 506
60 119 185
60 121 569
60 122 709
60 124 636
60 127 854
60 132 272
60 133 185
60 135 910
60 140 852
60 142 185
60 144 107
60 145 327
60 149 922
60 151 355
60 154 686
61 63 910
61 66 658
61 68 451
61 69 320
61 70 292
61 74 294
61 75 913
61 84 671
61 87 852
61 89 346
61 91 646
61 93 81
61 103 241
61 107 286
61 113 842
61 114 169
61 116 688
61 122 202
61 125 373
61 129 701
61 130 999
61 135 696
61 137 161
61 143 20
61 144 401
61 147 985
61 148 191
61 151 928
61 152 337
61 155 42
61 156 768
62 74 748
62 76 198
62 78 716
62 81 698
62 83 188
62 85 806
62 86 762
62 88 409
62 92 91
62 95 206
62 97 935
62 102 510
62 104 660
62 106 28
62 110 520
62 122 648
62 124 911
62 127 221
62 128 714
62 133 313
62 148 398
62 151 75
62 152 756
62 153 354
63 68 89
63 74 313
63 76 214
63 84 282
63 85 439
63 86 747
63 94 449
63 96 973
63 98 79
63 101 112
63 102 936
63 104 933
63 105 458
63 107 849
63 108 156
63 115 542
63 118 443
63 128 377
63 131 230
63 133 206
63 135 942
63 136 623
63 137 769
63 142 441
63 144 439
63 146 118
63 151 712
63 155 714
63 157 524
64 70 915
64 71 466
64 72 252
64 73 500
64 75 329
64 77 503
64 91 124
64 94 501
64 97 167
64 98 632
64 99 370
64 105 750
64 107 120
64 108 383
64 119 352
64 126 1
64 128 687
64 133 819
64 139 985
64 142 437
64 143 668
64 147 144
64 150 459
64 152 977
64 153 69
65 68 126
65 69 26
65 72 998
65 74 533
65 77 587
65 83 275
65 88 312
65 90 245
65 97 35
65 108 63
65 110 827
65 113 150
65 119 64
65 120 771
65 125 456
65 126 193
65 128 388
65 129 163
65 133 409
65 137 801
65 141 658
65 146 917
65 151 305
65 154 745
65 156 268
66 67 268
66 74 915
66 76 137
66 78 2
66 80 38
66 81 978
66 83 417
66 88 726
66 92 386
66 95 121
66 97 805
66 98 244
66 99 606
66 106 445
66 107 304
66 108 723
66 109 445
66 124 983
66 125 324
66 126 966
66 129 580
66 130 721
66 133 628
66 134 364
66 143 565
66 150 706
66 155 819
66 157 273
67 69 5
67 73 885
67 75 406
67 78 874
67 81 641
67 98 870
67 104 93
67 113 498
67 118 66
67 121 864
67 124 500
67 126 409
67 130 383
67 133 778
67 134 735
67 136 248
67 138 613
67 141 6
67 143 760
67 146 268
67 147 684
67 148 870
67 150 352
67 152 759
67 153 297
67 154 958
67 156 963
67 157 418
68 75 72
68 77 828
68 78 15
68 92 989
68 94 1
68 99 162
68 101 423
68 103 129
68 107 102
68 111 413
68 115 823
68 117 464
68 119 937
68 127 774
68 128 695
68 137 112
68 138 216
68 143 667
68 144 732
68 151 198
68 155 319
68 157 211
69 70 694
69 72 927
69 74 546
69 76 897
69 77 655
69 79 146
69 82 116
69 84 784
69 91 985
69 92 871
69 93 999
69 96 41
69 102 837
69 104 564
69 105 627
69 107 306
69 109 943
69 111 280
69 114 697
69 115 895
69 121 662
69 129 247
69 131 673
69 133 264
69 138 109
69 141 608
69 142 52
69 143 444
69 147 44
69 151 281
69 152 738
69 153 711
69 154 429
70 73 730
70 75 385
70 76 401
70 77 103
70 83 229
70 86 944
70 88 693
70 90 211
70 93 929
70 104 622
70 107 605
70 112 523
70 114 170
70 120 932
70 121 214
70 128 807
70 129 320
70 130 519
70 132 525
70 133 512
70 137 30
70 142 226
70 143 780
70 146 86
70 149 564
70 151 211
70 153 171
70 154 784
70 155 31
71 76 378
71 84 782
71 85 629
71 95 43
71 96 618
71 100 711
71 108 907
71 109 111
71 113 356
71 114 669
71 116 263
71 118 968
71 119 251
71 120 641
71 126 658
71 127 299
71 129 428
71 130 752
71 131 75
71 132 686
71 143 219
71 147 98
71 148 476
71 149 136
71 157 505
72 79 616
72 83 686
72 84 327
72 86 470
72 87 938
72 88 162
72 89 981
72 95 608
72 100 364
72 102 902
72 104 376
72 106 228
72 109 305
72 116 696
72 117 737
72 118 553
72 125 253
72 126 317
72 136 215
72 137 925
72 147 922
72 153 13
73 76 663
73 85 310
73 87 928
73 88 894
73 93 667
73 94 30
73 96 298
73 98 460
73 103 588
73 106 519
73 112 177
73 117 317
73 120 89
73 122 345
73 125 449
73 126 970
73 128 203
73 139 614
73 141 128
73 148 224
74 78 594
74 81 932
74 83 346
74 86 939
74 88 479
74 90 519
74 94 293
74 95 295
74 97 844
74 100 647
74 102 578
74 107 759
74 113 236
74 114 564
74 116 402
74 118 465
74 125 949
74 132 773
74 133 168
74 134 305
74 142 631
74 145 843
74 150 417
75 76 559
75 79 844
75 83 214
75 84 158
75 86 553
75 89 815
75 93 59
75 95 846
75 96 408
75 97 44
75 98 527
75 102 361
75 108 26
75 112 422
75 116 860
75 119 791
75 123 754
75 125 902
75 127 112
75 128 232
75 133 580
75 136 6
75 140 423
75 143 653
75 144 216
75 145 170
75 149 128
75 156 918
76 77 592
76 82 156
76 85 328
76 88 468
76 94 979
76 104 217
76 109 288
76 114 482
76 115 725
76 118 368
76 122 558
76 123 559
76 129 805
76 130 396
76 135 612
76 136 32
76 138 495
76 140 453
76 148 421
77 78 24
77 79 860
77 81 137
77 84 390
77 87 309
77 89 90
77 92 816
77 103 16
77 106 264
77 109 133
77 114 958
77 115 211
77 121 64
77 134 64
77 135 396
77 136 276
77 145 49
77 146 786
77 147 971
77 149 78
77 151 717
77 152 594
77 153 420
78 80 641
78 81 685
78 82 762
78 85 253
78 92 807
78 95 711
78 108 993
78 110 64
78 115 604
78 125 131
78 130 77
78 134 848
78 135 945
78 136 419
78 138 297
78 142 160
78 145 372
78 150 126
78 151 79
78 157 776
79 84 802
79 85 918
79 86 146
79 94 779
79 96 599
79 98 528
79 104 629
79 105 775
79 106 119
79 107 192
79 108 143
79 109 715
79 111 932
79 112 997
79 115 460
79 126 423
79 131 60
79 132 134
79 135 432
79 136 230
79 138 263
79 141 240
79 142 431
79 147 79
79 148 190
79 152 553
79 153 625
79 154 957
80 83 95
80 84 493
80 94 136
80 95 149
80 99 766
80 100 848
80 101 70
80 103 365
80 105 835
80 106 285
80 113 511
80 115 945
80 118 870
80 120 683
80 122 811
80 125 323
80 127 678
80 132 518
80 134 956
80 135 396
80 141 106
80 144 217
80 146 492
80 147 654
80 155 400
81 83 721
81 90 523
81 99 203
81 101 534
81 106 268
81 111 310
81 113 475
81 118 397
81 119 431
81 120 371
81 121 618
81 122 184
81 123 472
81 129 714
81 132 231
81 134 552
81 135 570
81 144 738
81 145 102
81 148 774
81 154 122
82 84 967
82 85 476
82 90 109
82 91 732
82 96 712
82 97 725
82 98 472
82 99 601
82 104 61
82 106 536
82 107 515
82 115 150
82 116 232
82 117 698
82 118 897
82 122 157
82 129 328
82 131 597
82 132 585
82 133 623
82 135 110
82 137 759
82 139 691
82 152 846
82 154 560
83 86 116
83 87 637
83 88 212
83 90 943
83 93 425
83 101 194
83 106 369
83 107 6
83 110 778
83 111 347
83 118 35
83 120 841
83 122 421
83 126 355
83 128 977
83 132 983
83 136 457
83 137 70
83 144 799
83 146 749
83 152 337
83 156 857
83 157 106
84 90 621
84 91 112
84 94 919
84 97 756
84 101 944
84 102 810
84 104 302
84 105 901
84 106 710
84 108 613
84 109 394
84 110 373
84 115 979
84 116 605
84 117 609
84 119 582
84 131 389
84 132 805
84 137 309
84 141 461
84 145 385
84 148 831
84 149 815
84 152 149
84 155 931
84 157 741
85 86 868
85 87 780
85 89 150
85 90 727
85 92 831
85 94 727
85 100 405
85 102 647
85 103 83
85 106 750
85 114 253
85 122 282
85 125 59
85 126 840
85 127 865
85 128 819
85 130 604
85 140 30
85 146 523
85 147 23
85 149 112
85 155 813
85 157 271
86 87 992
86 96 98
86 97 84
86 99 118
86 101 621
86 102 894
86 103 137
86 112 642
86 119 240
86 122 731
86 132 752
86 136 773
86 138 517
86 142 879
86 146 631
86 149 356
86 150 88
86 151 30
86 152 422
87 91 391
87 94 172
87 95 963
87 97 518
87 99 949
87 105 66
87 109 917
87 110 539
87 111 177
87 112 123
87 119 894
87 125 116
87 130 949
87 131 599
87 142 227
87 144 537
87 147 654
87 152 301
87 153 842
87 156 56
87 157 782
88 91 872
88 93 685
88 94 193
88 98 65
88 99 159
88 103 418
88 104 327
88 111 18
88 114 279
88 118 896
88 119 242
88 122 129
88 123 680
88 126 28
88 133 788
88 138 832
88 148 503
88 152 42
88 153 283
89 92 310
89 95 197
89 100 806
89 104 669
89 105 157
89 110 383
89 111 770
89 114 696
89 116 812
89 117 367
89 118 490
89 121 744
89 123 21
89 126 711
89 128 868
89 129 140
89 130 666
89 133 670
89 134 177
89 137 696
89 140 722
89 143 832
89 146 704
89 155 827
90 94 232
90 95 949
90 106 909
90 114 560
90 116 469
90 117 159
90 125 709
90 129 750
90 130 6
90 133 336
90 135 172
90 137 247
90 144 96
90 150 33
90 153 27
90 154 191
90 155 731
90 156 408
91 94 345
91 95 828
91 100 926
91 109 382
91 110 562
91 113 303
91 118 309
91 120 722
91 122 565
91 123 794
91 124 425
91 125 66
91 128 73
91 136 357
91 137 854
91 138 277
91 140 949
91 149 912
91 150 491
91 152 182
91 153 880
92 93 940
92 95 916
92 96 344
92 97 310
92 98 135
92 99 568
92 100 564
92 106 294
92 109 503
92 112 332
92 113 121
92 114 517
92 116 709
92 118 121
92 122 974
92 126 973
92 128 850
92 130 600
92 131 856
92 134 611
92 144 185
92 145 53
92 151 121
92 152 244
93 99 31
93 101 690
93 111 20
93 116 42
93 117 479
93 123 981
93 128 262
93 134 852
93 151 341
93 152 807
93 153 742
94 95 843
94 97 328
94 103 176
94 106 675
94 109 639
94 114 867
94 117 248
94 128 176
94 130 7
94 138 746
94 139 634
94 144 984
94 145 926
94 149 591
94 155 743
95 100 9
95 102 357
95 106 917
95 107 192
95 108 515
95 109 134
95 127 632
95 133 239
95 136 738
95 138 127
95 140 611
95 145 735
95 146 778
95 150 151
95 152 935
95 153 281
95 154 954
95 156 161
95 157 382
96 97 699
96 100 260
96 108 629
96 109 947
96 112 537
96 115 103
96 117 635
96 120 65
96 127 555
96 129 247
96 138 124
96 140 699
96 144 563
96 145 521
96 146 688
96 151 842
96 156 731
97 100 835
97 101 371
97 103 44
97 104 921
97 110 252
97 111 715
97 116 376
97 118 536
97 120 74
97 123 800
97 127 834
97 128 11
97 133 532
97 136 371
97 137 746
97 141 848
97 149 897
97 150 129
97 154 182
97 156 937
98 99 852
98 100 578
98 104 247
98 108 805
98 113 196
98 114 460
98 115 547
98 118 988
98 121 436
98 125 93
98 126 308
98 128 982
98 129 540
98 133 272
98 135 930
98 136 507
98 145 890
98 148 522
98 152 986
99 100 930
99 107 545
99 110 553
99 111 533
99 112 216
99 120 703
99 122 774
99 125 722
99 130 882
99 132 780
99 134 330
99 135 309
99 141 26
99 142 382
99 145 668
99 150 806
99 151 500
99 154 336
100 107 765
100 114 622
100 124 168
100 125 164
100 130 499
100 131 506
100 132 763
100 134 881
100 138 591
100 141 993
100 146 408
100 148 891
101 102 350
101 106 666
101 111 477
101 114 437
101 119 851
101 122 842
101 124 174
101 126 64
101 128 643
101 131 93
101 132 991
101 137 94
101 140 12
101 141 373
101 144 469
101 147 845
101 150 891
101 151 210
101 153 990
101 154 252
101 156 2
102 109 379
102 112 24
102 133 41
102 138 315
102 141 841
102 143 311
102 149 939
102 154 137
103 105 284
103 109 451
103 113 886
103 124 541
103 125 310
103 127 96
103 128 314
103 131 647
103 133 47
103 136 564
103 137 289
103 140 999
103 141 641
103 144 365
103 151 12
103 153 776
103 157 584
104 114 2
104 118 200
104 121 626
104 124 328
104 127 965
104 131 839
104 139 984
104 140 775
104 144 104
104 146 301
104 147 343
104 149 168
104 150 899
105 114 442
105 115 29
105 120 999
105 125 256
105 127 735
105 128 260
105 130 184
105 131 473
105 134 42
105 136 579
105 138 439
105 140 908
105 143 157
105 144 564
105 147 606
105 149 794
105 152 405
105 156 78
105 157 440
106 108 550
106 111 253
106 115 673
106 117 763
106 123 989
106 131 88
106 136 114
106 137 303
106 139 919
106 146 379
106 147 712
106 151 357
106 152 748
106 153 344
106 156 766
107 110 529
107 111 181
107 114 579
107 116 877
107 122 959
107 133 977
107 134 593
107 145 872
107 148 25
107 150 957
107 152 1
107 156 113
108 113 924
108 115 721
108 118 872
108 122 612
108 123 502
108 129 134
108 135 876
108 137 911
108 138 716
108 139 814
108 154 243
108 155 873
109 112 41
109 115 888
109 117 436
109 119 52
109 121 572
109 126 274
109 131 987
109 134 633
109 141 660
109 145 18
109 149 864
109 150 684
109 151 798
109 152 94
109 154 233
109 155 5
110 112 501
110 116 90
110 119 597
110 123 462
110 129 648
110 132 207
110 139 289
110 142 427
110 143 62
110 146 535
110 147 404
110 150 970
110 153 382
110 155 81
110 157 387
111 117 485
111 118 993
111 119 501
111 122 641
111 129 651
111 132 459
111 133 532
111 134 413
111 137 286
111 140 592
111 143 352
111 156 828
112 113 990
112 121 908
112 124 523
112 127 483
112 130 542
112 135 760
112 137 767
112 138 333
112 139 902
112 146 747
112 147 904
112 148 11
112 151 556
112 153 291
112 154 910
112 156 280
112 157 665
113 115 105
113 116 716
113 118 633
113 119 271
113 123 839
113 124 943
113 131 421
113 133 435
113 135 560
113 136 279
113 143 126
113 147 762
113 148 723
113 153 218
113 154 902
113 156 226
114 115 147
114 116 557
114 118 187
114 120 433
114 122 246
114 123 667
114 124 262
114 130 392
114 135 595
114 139 2
114 149 587
114 152 930
114 155 988
114 157 627
115 123 978
115 125 928
115 127 29
115 135 760
115 136 860
115 144 941
115 152 458
115 153 836
115 155 763
116 117 213
116 119 20
116 125 473
116 132 260
116 139 94
116 140 242
116 141 512
116 152 454
116 157 423
117 123 343
117 128 257
117 139 273
117 151 551
117 156 978
118 122 130
118 123 67
118 126 308
118 132 181
118 143 203
118 145 926
118 149 652
118 154 805
118 155 30
118 157 114
119 120 482
119 122 20
119 123 658
119 124 216
119 125 400
119 126 639
119 128 627
119 129 540
119 131 970
119 137 46
119 142 76
119 144 116
119 146 916
119 149 130
119 152 292
119 157 887
120 121 124
120 125 434
120 140 423
120 142 810
120 146 582
120 148 391
120 149 450
120 152 364
120 154 992
120 156 310
121 123 119
121 126 927
121 131 999
121 133 978
121 135 870
121 141 963
121 144 480
121 145 195
121 147 594
121 148 211
121 149 150
121 156 337
121 157 243
122 123 654
122 133 219
122 135 397
122 136 377
122 139 782
122 141 580
122 143 914
122 144 163
122 146 846
122 149 204
122 150 675
122 155 55
123 124 205
123 129 751
123 130 96
123 134 970
123 137 651
123 139 561
123 142 115
123 146 392
123 150 236
123 153 301
123 154 634
123 156 262
124 125 881
124 128 472
124 131 599
124 134 846
124 135 191
124 137 31
124 140 292
124 145 474
124 154 162
125 128 698
125 129 827
125 130 773
125 133 556
125 135 451
125 136 488
125 137 656
125 140 849
125 147 447
125 148 684
125 149 557
125 150 282
125 151 17
125 154 33
126 133 576
126 141 344
126 142 657
126 144 77
126 147 983
126 148 446
126 151 357
126 154 205
126 155 995
126 156 994
127 129 191
127 135 870
127 136 603
127 138 454
127 139 707
127 140 559
127 142 937
127 145 893
127 146 31
127 156 249
128 130 658
128 138 422
128 141 687
128 143 364
128 146 31
128 148 961
128 149 469
128 150 617
128 152 449
128 153 722
128 156 698
128 157 260
129 131 239
129 140 778
129 143 455
129 144 208
129 147 368
129 152 557
129 155 235
130 133 691
130 135 553
130 139 89
130 143 296
130 144 74
130 146 359
130 147 82
130 153 951
131 133 952
131 139 417
131 143 150
131 145 547
131 147 557
131 153 910
131 156 554
131 157 435
132 133 564
132 135 149
132 138 96
132 142 824
132 143 654
132 150 172
132 154 879
132 157 909
133 134 197
133 136 165
133 137 917
133 144 310
133 146 868
133 152 269
133 154 9
133 157 286
134 137 687
134 138 210
134 139 16
134 140 967
134 151 926
134 152 666
134 155 438
134 156 901
134 157 693
135 138 226
135 140 123
135 143 121
135 144 534
135 149 336
135 150 754
136 139 566
136 140 185
136 152 552
136 153 956
136 156 553
136 157 201
137 148 649
137 150 106
137 151 539
137 157 849
138 142 400
138 144 442
138 146 647
138 147 790
138 148 196
138 153 484
138 155 463
138 156 675
139 141 850
139 142 563
139 148 290
139 152 828
139 153 788
139 157 175
140 144 710
140 151 450
140 153 842
140 154 607
141 146 483
141 148 289
141 149 177
141 150 398
141 155 806
141 156 657
141 157 324
142 143 203
142 148 988
142 151 338
142 155 307
143 148 776
143 149 911
143 152 119
143 153 374
143 156 295
144 147 891
144 151 76
144 153 922
145 146 102
145 155 876
145 157 13
146 152 519
146 155 694
146 156 847
146 157 375
147 148 731
147 150 220
147 155 158
147 156 659
148 153 68
149 152 639
149 157 428
150 154 560
150 157 836
151 152 87
152 153 53
152 154 16
152 156 475
153 154 509
154 157 493
