210 6683
1 2 431
1 3 13
1 6 547
1 7 471
1 8 668
1 12 591
1 19 887
1 20 626
1 21 966
1 23 293
1 31 742
1 38 582
1 40 550
1 42 792
1 55 917
1 57 747
1 60 76
1 62 208
1 68 486
1 80 733
1 82 56
1 84 507
1 88 681
1 100 438
1 101 779
1 107 125
1 114 962
1 118 871
1 119 522
1 120 482
1 121 522
1 122 466
1 126 152
1 131 431
1 133 604
1 136 710
1 139 792
1 141 43
1 143 303
1 145 306
1 151 830
1 153 148
1 159 506
1 160 222
1 162 456
1 166 215
1 170 830
1 173 727
1 175 370
1 178 288
1 180 732
1 183 255
1 184 423
1 185 271
1 186 160
1 188 476
1 189 692
1 191 364
1 194 305
1 195 967
1 198 926
1 199 369
1 210 383
2 4 514
2 7 754
2 9 507
2 10 568
2 12 783
2 13 575
2 16 842
2 22 528
2 24 715
2 25 644
2 27 371
2 31 236
2 34 547
2 38 168
2 52 91
2 58 115
2 60 451
2 63 250
2 67 219
2 74 95
2 77 479
2 78 691
2 82 847
2 88 199
2 89 752
2 91 153
2 93 897
2 96 814
2 99 641
2 100 36
2 101 517
2 103 84
2 111 234
2 114 635
2 117 177
2 118 209
2 126 193
2 128 414
2 135 800
2 144 570
2 149 395
2 151 895
2 154 160
2 155 142
2 160 503
2 162 224
2 165 311
2 166 670
2 174 674
2 177 492
2 178 713
2 181 320
2 184 519
2 190 248
2 193 752
2 194 474
2 196 498
2 199 337
2 201 860
2 207 478
2 208 1000
2 209 486
2 210 328
3 12 30
3 16 246
3 17 167
3 18 363
3 21 166
3 25 165
3 28 107
3 38 675
3 41 916
3 43 654
3 46 841
3 50 31
3 51 30
3 54 160
3 63 762
3 64 216
3 66 401
3 68 633
3 72 818
3 73 753
3 74 942
3 75 383
3 76 435
3 79 791
3 88 881
3 95 176
3 98 238
3 100 296
3 104 144
3 105 334
3 107 541
3 108 57
3 111 973
3 112 821
3 117 762
3 123 151
3 126 441
3 129 752
3 134 769
3 141 362
3 142 752
3 143 884
3 149 619
3 150 125
3 154 338
3 155 284
3 161 336
3 169 501
3 172 292
3 173 586
3 178 166
3 179 538
3 180 143
3 193 344
3 194 835
3 196 928
3 197 572
3 198 532
3 199 595
3 200 227
3 210 335
4 5 508
4 6 341
4 7 902
4 10 688
4 16 280
4 28 845
4 35 461
4 42 700
4 46 632
4 52 256
4 55 719
4 57 379
4 60 42
4 64 191
4 67 873
4 68 946
4 69 850
4 70 993
4 77 480
4 80 444
4 82 81
4 92 527
4 96 251
4 99 563
4 110 996
4 118 33
4 119 312
4 122 133
4 130 815
4 131 558
4 132 576
4 134 907
4 135 97
4 140 150
4 144 117
4 148 77
4 150 250
4 154 113
4 157 980
4 158 18
4 159 142
4 162 3
4 166 149
4 167 867
4 170 947
4 173 429
4 177 202
4 187 972
4 189 985
4 193 278
4 194 394
4 197 94
4 199 74
4 205 305
4 210 352
5 8 567
5 11 557
5 12 940
5 16 376
5 17 530
5 20 448
5 24 942
5 31 460
5 34 994
5 40 539
5 45 436
5 47 136
5 50 988
5 52 217
5 54 278
5 61 364
5 68 967
5 71 78
5 72 109
5 75 859
5 79 838
5 84 323
5 91 503
5 92 253
5 94 987
5 95 580
5 96 529
5 99 757
5 101 125
5 103 105
5 108 78
5 109 895
5 111 541
5 117 873
5 121 507
5 124 687
5 130 674
5 133 777
5 134 112
5 139 621
5 147 494
5 148 768
5 156 337
5 163 520
5 164 18
5 167 351
5 168 591
5 170 703
5 173 720
5 174 944
5 187 60
5 190 667
5 193 749
5 197 448
5 199 979
5 201 272
5 202 980
5 208 105
6 8 582
6 13 336
6 15 847
6 18 640
6 21 544
6 23 150
6 24 245
6 29 240
6 31 715
6 33 481
6 41 737
6 43 655
6 44 211
6 62 780
6 65 349
6 67 542
6 68 609
6 69 493
6 70 704
6 74 855
6 79 550
6 80 902
6 81 272
6 83 45
6 95 673
6 101 304
6 105 260
6 106 94
6 109 690
6 110 88
6 116 197
6 127 962
6 131 671
6 135 475
6 136 893
6 148 200
6 151 130
6 153 333
6 156 216
6 161 146
6 162 53
6 164 391
6 166 152
6 171 822
6 173 590
6 175 999
6 187 148
6 188 61
6 190 236
6 191 920
6 195 446
6 196 470
6 208 62
6 210 837
7 10 238
7 21 962
7 23 996
7 26 474
7 31 466
7 38 74
7 40 653
7 44 432
7 45 848
7 48 575
7 52 344
7 53 104
7 54 99
7 58 581
7 59 224
7 60 944
7 62 209
7 64 760
7 65 220
7 66 313
7 69 441
7 70 881
7 72 832
7 75 141
7 78 728
7 80 536
7 89 190
7 91 454
7 92 148
7 95 583
7 96 15
7 99 403
7 108 226
7 110 93
7 114 456
7 115 824
7 117 971
7 120 70
7 121 864
7 123 103
7 126 217
7 130 961
7 132 295
7 135 50
7 137 349
7 153 263
7 166 452
7 171 452
7 174 796
7 180 815
7 181 585
7 182 125
7 183 417
7 186 786
7 188 119
7 189 466
7 198 861
7 200 267
7 201 169
7 202 840
7 203 3
7 209 43
8 9 199
8 11 969
8 12 172
8 14 323
8 15 983
8 17 435
8 22 921
8 25 993
8 28 507
8 29 556
8 31 68
8 36 585
8 37 14
8 41 36
8 44 814
8 47 396
8 51 653
8 55 325
8 57 501
8 63 550
8 76 74
8 77 622
8 78 65
8 80 122
8 83 820
8 84 273
8 86 243
8 87 53
8 89 945
8 92 715
8 93 382
8 97 16
8 100 185
8 104 342
8 105 553
8 106 965
8 109 338
8 113 820
8 114 588
8 115 158
8 120 697
8 124 509
8 125 140
8 126 765
8 127 91
8 129 32
8 130 488
8 132 725
8 134 138
8 142 722
8 143 35
8 150 586
8 151 260
8 152 678
8 155 413
8 160 599
8 167 960
8 169 569
8 170 334
8 171 138
8 172 467
8 175 546
8 176 894
8 177 858
8 178 883
8 185 221
8 192 211
8 197 541
8 203 138
8 209 673
9 10 371
9 12 704
9 16 29
9 18 300
9 19 824
9 22 97
9 25 317
9 30 575
9 31 248
9 36 851
9 41 951
9 52 797
9 55 818
9 62 184
9 63 54
9 69 167
9 70 588
9 81 339
9 82 852
9 85 514
9 88 540
9 89 70
9 99 412
9 100 945
9 101 399
9 102 897
9 107 26
9 108 76
9 110 411
9 111 160
9 113 283
9 119 17
9 123 66
9 124 32
9 125 664
9 128 396
9 131 572
9 137 243
9 144 419
9 150 831
9 153 88
9 156 676
9 159 251
9 161 480
9 164 462
9 165 164
9 167 351
9 168 917
9 178 52
9 181 910
9 182 304
9 193 668
9 200 716
9 206 980
9 207 702
9 208 339
10 14 48
10 17 928
10 25 825
10 30 897
10 32 229
10 34 73
10 40 617
10 41 346
10 42 665
10 48 313
10 57 912
10 60 95
10 65 95
10 69 859
10 71 438
10 74 458
10 78 893
10 88 456
10 92 110
10 95 9
10 97 322
10 101 663
10 105 558
10 106 636
10 110 686
10 116 817
10 122 358
10 128 989
10 129 428
10 130 690
10 134 626
10 135 182
10 136 308
10 151 22
10 152 882
10 157 697
10 158 948
10 159 523
10 161 501
10 163 986
10 166 556
10 167 314
10 170 335
10 175 890
10 176 621
10 178 618
10 180 335
10 188 585
10 190 76
10 191 133
10 193 323
10 201 227
10 203 672
10 204 461
10 206 812
10 207 481
10 208 865
10 209 330
11 24 935
11 26 413
11 31 766
11 33 448
11 36 722
11 43 175
11 45 479
11 47 356
11 53 283
11 58 376
11 59 169
11 60 459
11 62 697
11 65 281
11 66 185
11 68 286
11 69 259
11 75 784
11 77 379
11 82 651
11 83 835
11 85 167
11 90 921
11 97 817
11 99 484
11 101 29
11 104 673
11 107 662
11 110 19
11 111 390
11 113 306
11 114 868
11 118 191
11 121 139
11 135 896
11 138 209
11 139 117
11 143 502
11 149 678
11 151 751
11 156 938
11 158 627
11 167 437
11 173 844
11 177 161
11 181 42
11 182 925
11 185 469
11 188 13
11 192 483
11 198 410
11 199 115
11 203 179
11 205 86
11 207 851
12 13 434
12 19 793
12 22 922
12 24 105
12 37 702
12 38 298
12 39 940
12 43 750
12 46 835
12 48 576
12 49 172
12 51 782
12 59 825
12 63 394
12 64 271
12 65 290
12 66 995
12 70 715
12 71 527
12 73 559
12 74 673
12 75 396
12 80 893
12 81 424
12 82 574
12 84 737
12 87 347
12 92 73
12 94 344
12 100 341
12 101 657
12 108 879
12 110 357
12 112 667
12 116 3
12 118 682
12 119 126
12 121 949
12 122 936
12 124 155
12 126 729
12 129 81
12 130 868
12 131 446
12 133 75
12 134 6
12 137 610
12 138 795
12 140 518
12 141 275
12 142 999
12 143 7
12 145 373
12 153 755
12 154 826
12 156 980
12 157 143
12 159 958
12 162 773
12 168 341
12 190 650
12 194 65
12 196 644
12 200 6
12 207 843
12 209 921
13 14 801
13 16 108
13 18 421
13 26 685
13 30 924
13 31 600
13 33 942
13 34 582
13 35 992
13 37 619
13 42 473
13 43 996
13 48 22
13 57 365
13 60 289
13 64 232
13 78 57
13 81 111
13 91 170
13 102 934
13 111 661
13 114 812
13 115 438
13 116 80
13 125 667
13 131 434
13 135 795
13 136 366
13 137 356
13 138 466
13 140 543
13 143 91
13 145 274
13 155 241
13 156 572
13 160 985
13 168 800
13 170 47
13 178 939
13 180 478
13 181 11
13 182 215
13 183 418
13 187 522
13 190 329
13 195 859
13 196 573
13 199 77
13 200 281
13 203 91
13 205 403
13 210 868
14 20 324
14 21 303
14 23 836
14 25 137
14 28 694
14 29 897
14 33 328
14 34 708
14 35 44
14 37 395
14 38 239
14 45 336
14 52 391
14 55 205
14 57 480
14 58 659
14 60 868
14 61 18
14 62 699
14 70 864
14 73 827
14 84 28
14 88 811
14 89 510
14 92 162
14 102 713
14 107 428
14 108 938
14 109 669
14 110 697
14 111 758
14 113 164
14 114 674
14 115 168
14 116 619
14 125 34
14 128 606
14 136 912
14 137 665
14 139 957
14 142 141
14 149 915
14 155 339
14 157 495
14 159 510
14 161 710
14 166 795
14 170 53
14 171 463
14 172 995
14 173 716
14 175 865
14 177 799
14 188 377
14 190 349
14 198 230
14 201 693
14 202 929
14 206 877
15 23 993
15 25 973
15 27 845
15 34 232
15 40 121
15 46 388
15 54 344
15 55 594
15 58 851
15 60 94
15 64 746
15 74 26
15 75 35
15 78 176
15 83 601
15 86 285
15 87 198
15 91 755
15 93 139
15 96 551
15 97 248
15 102 811
15 109 467
15 110 888
15 112 222
15 115 706
15 118 639
15 120 993
15 122 667
15 128 641
15 129 349
15 133 260
15 135 277
15 138 783
15 142 110
15 147 138
15 148 419
15 150 60
15 153 938
15 155 879
15 156 768
15 159 622
15 162 341
15 163 834
15 179 705
15 184 379
15 188 150
15 194 278
15 195 572
15 198 253
15 199 759
15 202 716
15 203 423
15 204 544
15 208 357
16 28 268
16 32 761
16 43 800
16 49 40
16 50 209
16 51 23
16 56 294
16 57 668
16 63 312
16 76 817
16 78 999
16 81 94
16 85 309
16 88 151
16 89 343
16 90 549
16 91 307
16 92 439
16 93 989
16 96 570
16 100 25
16 101 124
16 102 477
16 103 770
16 107 426
16 112 866
16 116 866
16 120 108
16 130 372
16 131 62
16 133 532
16 134 185
16 135 555
16 136 810
16 138 422
16 139 651
16 144 284
16 154 681
16 157 942
16 161 903
16 167 469
16 170 264
16 172 405
16 174 5
16 182 826
16 192 873
16 195 885
16 196 797
16 197 33
16 199 271
16 206 472
16 207 911
16 209 337
16 210 10
17 18 593
17 19 740
17 20 157
17 22 189
17 23 944
17 25 135
17 33 587
17 34 735
17 39 483
17 41 944
17 44 807
17 45 356
17 47 803
17 49 932
17 50 200
17 54 454
17 55 386
17 58 89
17 67 547
17 68 844
17 70 976
17 71 138
17 75 395
17 77 197
17 78 260
17 82 697
17 83 622
17 85 372
17 88 806
17 91 488
17 93 33
17 95 479
17 97 110
17 101 263
17 104 48
17 107 654
17 111 684
17 113 829
17 120 177
17 126 136
17 130 95
17 132 116
17 134 392
17 139 789
17 142 427
17 144 5
17 146 708
17 147 557
17 148 534
17 150 865
17 151 901
17 152 433
17 154 529
17 155 160
17 156 357
17 161 101
17 162 105
17 164 583
17 172 830
17 175 775
17 183 286
17 184 835
17 187 224
17 190 256
17 192 989
17 197 225
17 199 436
17 202 654
17 204 827
17 208 57
17 210 667
18 19 32
18 20 975
18 22 463
18 23 711
18 24 267
18 27 567
18 28 127
18 32 96
18 40 341
18 49 618
18 52 7
18 54 641
18 58 47
18 59 82
18 62 452
18 67 676
18 68 966
18 70 722
18 75 553
18 80 44
18 81 920
18 83 967
18 84 503
18 90 941
18 91 939
18 102 453
18 105 789
18 106 313
18 107 793
18 110 647
18 112 843
18 114 186
18 117 466
18 118 367
18 123 278
18 124 918
18 127 571
18 128 490
18 131 988
18 136 848
18 137 137
18 140 969
18 148 103
18 149 489
18 153 764
18 162 266
18 166 946
18 170 622
18 171 331
18 172 400
18 173 130
18 174 353
18 176 608
18 178 973
18 181 567
18 182 785
18 183 236
18 184 184
18 185 955
18 187 493
18 191 623
18 195 836
18 200 832
19 23 23
19 29 386
19 31 790
19 33 683
19 34 758
19 43 604
19 45 512
19 49 547
19 52 79
19 53 478
19 59 141
19 61 274
19 63 915
19 65 506
19 67 773
19 69 490
19 71 934
19 74 43
19 77 936
19 78 673
19 87 25
19 93 970
19 95 675
19 96 825
19 97 916
19 98 444
19 100 48
19 101 862
19 105 486
19 107 938
19 109 275
19 110 937
19 114 721
19 115 505
19 122 193
19 124 160
19 125 922
19 126 980
19 127 502
19 132 650
19 140 67
19 141 225
19 142 99
19 147 760
19 157 158
19 158 122
19 162 643
19 165 468
19 168 15
19 171 617
19 173 120
19 185 18
19 192 581
19 194 816
19 196 64
19 197 119
19 201 567
19 203 668
19 204 280
19 208 586
20 21 656
20 24 226
20 31 671
20 34 311
20 35 48
20 36 321
20 38 337
20 45 752
20 48 425
20 51 341
20 52 935
20 54 883
20 55 991
20 59 154
20 60 908
20 64 675
20 68 929
20 70 42
20 73 919
20 77 946
20 80 960
20 86 888
20 93 194
20 97 857
20 103 727
20 104 164
20 111 616
20 115 172
20 120 743
20 121 327
20 122 715
20 127 117
20 131 974
20 135 548
20 140 973
20 141 898
20 142 781
20 145 423
20 146 406
20 147 83
20 153 879
20 156 805
20 157 580
20 159 713
20 165 661
20 167 989
20 169 68
20 181 162
20 182 771
20 186 50
20 188 201
20 194 653
20 195 593
20 196 877
20 201 422
20 202 647
20 206 614
20 207 634
20 209 760
21 22 959
21 24 26
21 25 292
21 26 14
21 30 342
21 35 517
21 40 298
21 43 766
21 46 749
21 47 70
21 50 356
21 53 884
21 56 37
21 67 385
21 69 714
21 71 873
21 75 921
21 77 164
21 82 990
21 103 905
21 105 576
21 106 492
21 111 555
21 114 211
21 117 710
21 119 948
21 120 852
21 122 108
21 124 691
21 136 738
21 138 611
21 140 558
21 141 21
21 145 696
21 148 216
21 156 78
21 159 497
21 160 583
21 161 450
21 162 919
21 165 965
21 166 283
21 172 613
21 173 192
21 175 463
21 176 919
21 187 752
21 192 68
21 196 590
21 197 482
21 200 411
21 204 807
21 206 162
21 207 16
21 210 333
22 23 97
22 24 655
22 31 910
22 34 643
22 35 206
22 41 890
22 42 98
22 43 681
22 46 995
22 47 833
22 50 161
22 51 430
22 52 175
22 53 149
22 58 99
22 60 574
22 62 611
22 63 22
22 66 871
22 67 928
22 68 678
22 79 162
22 80 264
22 85 98
22 88 364
22 91 404
22 92 110
22 94 685
22 99 590
22 101 75
22 102 361
22 103 917
22 104 728
22 106 481
22 107 828
22 114 220
22 119 842
22 123 763
22 128 684
22 131 717
22 132 398
22 136 630
22 138 268
22 139 520
22 148 276
22 151 265
22 154 45
22 155 405
22 157 746
22 160 519
22 163 20
22 165 171
22 167 655
22 168 428
22 169 307
22 172 44
22 175 351
22 186 904
22 188 164
22 189 681
22 193 588
22 194 720
22 196 876
22 199 770
22 201 609
22 204 529
22 206 669
22 209 72
23 25 151
23 29 334
23 30 784
23 32 650
23 35 120
23 36 318
23 37 531
23 44 651
23 47 13
23 50 123
23 54 919
23 55 519
23 61 312
23 64 865
23 76 975
23 79 676
23 82 500
23 84 251
23 87 322
23 90 165
23 94 721
23 97 924
23 105 361
23 107 214
23 110 410
23 113 764
23 116 227
23 117 641
23 119 28
23 120 763
23 129 350
23 131 6
23 132 809
23 134 839
23 136 698
23 138 318
23 141 623
23 144 132
23 149 856
23 153 755
23 157 373
23 162 663
23 165 198
23 166 435
23 169 343
23 170 383
23 172 237
23 178 916
23 184 260
23 186 418
23 187 40
23 188 673
23 190 782
23 196 973
23 197 37
23 199 125
23 200 767
23 201 356
23 203 454
24 27 451
24 37 439
24 40 843
24 41 680
24 42 532
24 44 146
24 49 49
24 53 912
24 54 492
24 57 51
24 60 308
24 61 777
24 67 502
24 70 438
24 73 97
24 74 689
24 84 634
24 88 289
24 90 877
24 100 137
24 101 363
24 102 244
24 104 457
24 106 117
24 110 807
24 112 262
24 113 134
24 114 267
24 115 683
24 128 673
24 131 335
24 136 100
24 146 182
24 154 318
24 156 769
24 160 903
24 164 601
24 165 21
24 172 67
24 174 739
24 175 684
24 176 434
24 179 376
24 186 882
24 188 993
24 190 163
24 195 737
24 198 448
24 205 155
24 208 25
25 29 656
25 30 841
25 31 850
25 33 74
25 35 867
25 36 176
25 38 826
25 42 742
25 49 886
25 50 684
25 52 385
25 56 683
25 58 995
25 61 547
25 64 287
25 65 872
25 68 692
25 82 926
25 84 696
25 86 455
25 87 752
25 89 283
25 90 317
25 93 902
25 96 190
25 99 334
25 100 121
25 103 949
25 105 390
25 107 198
25 109 324
25 114 106
25 116 173
25 117 284
25 119 490
25 120 899
25 121 408
25 122 739
25 131 853
25 134 145
25 137 303
25 138 908
25 143 62
25 151 94
25 152 840
25 156 649
25 157 284
25 161 141
25 164 40
25 166 303
25 168 532
25 171 128
25 176 616
25 180 402
25 186 925
25 187 689
25 189 309
25 192 163
25 195 194
25 196 782
25 199 854
26 29 757
26 31 267
26 33 248
26 35 695
26 37 7
26 39 822
26 40 432
26 41 345
26 42 787
26 44 723
26 45 232
26 47 869
26 49 263
26 54 294
26 57 250
26 61 523
26 63 62
26 66 977
26 70 175
26 73 273
26 74 135
26 75 484
26 78 753
26 79 518
26 80 44
26 82 218
26 84 191
26 85 417
26 89 944
26 92 10
26 97 533
26 98 8
26 108 478
26 109 45
26 110 668
26 112 371
26 114 773
26 118 904
26 119 309
26 120 924
26 121 451
26 125 582
26 126 767
26 129 911
26 132 807
26 139 185
26 153 212
26 154 228
26 155 881
26 156 81
26 162 289
26 164 873
26 172 65
26 175 474
26 176 145
26 178 219
26 181 508
26 182 886
26 185 262
26 188 604
26 189 303
26 191 410
26 192 933
26 193 989
26 197 536
26 198 198
26 199 268
26 207 179
26 208 16
26 209 990
26 210 76
27 29 523
27 32 750
27 34 243
27 41 894
27 42 680
27 43 833
27 45 844
27 52 557
27 58 768
27 61 757
27 63 644
27 67 733
27 69 890
27 72 270
27 76 999
27 79 827
27 80 416
27 91 597
27 94 922
27 95 416
27 102 352
27 108 776
27 109 119
27 116 7
27 119 687
27 122 821
27 128 169
27 130 318
27 132 117
27 133 908
27 135 91
27 136 842
27 141 499
27 142 987
27 143 679
27 144 492
27 146 697
27 149 640
27 151 152
27 152 563
27 154 493
27 155 355
27 164 447
27 172 748
27 179 345
27 180 481
27 183 39
27 185 768
27 186 486
27 187 422
27 192 215
27 193 183
27 194 52
27 205 273
27 206 634
27 207 976
27 208 326
28 29 131
28 33 62
28 35 438
28 36 680
28 44 568
28 46 787
28 55 73
28 56 240
28 58 581
28 70 33
28 75 59
28 78 39
28 79 325
28 81 994
28 83 647
28 86 960
28 87 314
28 91 596
28 97 859
28 99 484
28 100 606
28 108 531
28 109 593
28 114 900
28 115 376
28 120 474
28 121 601
28 123 707
28 125 188
28 133 634
28 134 662
28 135 707
28 137 455
28 140 358
28 141 482
28 144 736
28 146 267
28 147 149
28 149 943
28 156 549
28 158 598
28 171 205
28 173 708
28 176 882
28 177 879
28 179 886
28 183 783
28 189 156
28 190 575
28 194 638
28 197 374
28 200 176
28 202 422
28 203 479
29 43 842
29 49 654
29 54 235
29 55 386
29 58 46
29 62 87
29 64 443
29 65 823
29 67 162
29 68 345
29 70 236
29 75 249
29 80 217
29 83 541
29 87 299
29 88 161
29 94 32
29 98 475
29 104 998
29 105 560
29 106 147
29 110 416
29 111 377
29 112 415
29 115 735
29 118 845
29 119 939
29 124 952
29 146 607
29 147 697
29 151 496
29 155 212
29 156 700
29 157 802
29 161 858
29 162 199
29 164 835
29 165 323
29 173 901
29 184 689
29 187 947
29 188 913
29 193 286
29 195 106
29 198 768
29 202 402
29 204 531
29 208 795
29 210 964
30 31 696
30 37 119
30 38 637
30 39 984
30 42 518
30 43 278
30 48 501
30 51 612
30 52 951
30 54 893
30 60 92
30 61 845
30 68 180
30 69 130
30 73 240
30 74 86
30 76 993
30 85 931
30 87 653
30 99 197
30 102 852
30 105 556
30 107 540
30 115 308
30 117 688
30 120 746
30 121 53
30 123 458
30 133 626
30 138 379
30 141 610
30 144 908
30 147 937
30 154 741
30 168 145
30 172 729
30 173 378
30 175 571
30 181 191
30 182 389
30 185 600
30 186 568
30 189 22
30 190 426
30 191 25
30 194 832
30 199 822
30 200 687
30 203 806
30 207 378
30 209 530
30 210 894
31 43 236
31 49 230
31 56 634
31 57 498
31 59 519
31 62 307
31 68 675
31 73 518
31 75 221
31 79 833
31 81 573
31 82 161
31 83 119
31 89 129
31 93 364
31 96 572
31 97 813
31 101 84
31 108 587
31 111 415
31 117 843
31 121 230
31 123 763
31 125 903
31 128 396
31 132 335
31 133 476
31 135 933
31 139 8
31 141 927
31 143 76
31 145 847
31 146 560
31 147 639
31 152 345
31 155 491
31 158 192
31 159 540
31 160 465
31 164 234
31 171 821
31 174 694
31 175 422
31 176 392
31 179 491
31 181 883
31 184 717
31 188 601
31 189 280
31 190 560
31 191 948
31 192 31
31 193 360
31 194 75
31 197 923
31 200 999
31 202 432
31 203 611
31 206 237
32 39 612
32 40 120
32 41 83
32 46 449
32 48 638
32 55 218
32 56 741
32 58 924
32 65 43
32 66 200
32 67 358
32 70 132
32 80 3
32 81 349
32 83 155
32 85 313
32 88 786
32 89 620
32 90 270
32 91 143
32 98 266
32 99 468
32 105 710
32 108 899
32 113 747
32 115 950
32 116 451
32 120 909
32 122 758
32 124 161
32 130 319
32 132 294
32 133 623
32 142 585
32 146 83
32 154 594
32 156 80
32 157 72
32 161 644
32 163 88
32 165 931
32 166 756
32 169 579
32 170 944
32 172 275
32 173 368
32 186 429
32 187 266
32 192 936
32 194 17
32 198 21
32 201 4
32 202 13
32 208 467
33 37 999
33 41 382
33 42 436
33 44 764
33 51 714
33 55 143
33 58 391
33 61 267
33 67 313
33 68 584
33 79 609
33 82 656
33 85 824
33 86 8
33 90 294
33 94 785
33 104 854
33 108 979
33 110 435
33 116 500
33 118 809
33 122 973
33 125 743
33 142 655
33 147 671
33 149 326
33 150 374
33 152 175
33 153 621
33 157 503
33 158 564
33 159 774
33 163 156
33 169 42
33 172 232
33 175 973
33 177 390
33 182 448
33 183 164
33 185 163
33 191 370
33 192 845
33 194 224
33 198 356
33 199 661
33 201 646
33 202 304
33 203 723
33 205 656
33 206 471
33 208 448
33 210 105
34 40 973
34 41 24
34 45 997
34 46 351
34 49 361
34 53 987
34 62 739
34 69 128
34 70 834
34 77 443
34 80 503
34 81 506
34 82 917
34 85 752
34 86 246
34 88 390
34 93 578
34 96 707
34 100 5
34 107 686
34 108 296
34 109 939
34 116 742
34 117 615
34 118 582
34 128 509
34 129 930
34 130 837
34 137 967
34 142 567
34 146 199
34 147 250
34 151 573
34 153 421
34 156 95
34 160 367
34 163 1000
34 164 771
34 165 75
34 169 37
34 171 8
34 174 718
34 177 830
34 179 395
34 180 298
34 191 580
34 192 948
34 198 599
34 199 951
34 206 230
35 36 811
35 38 463
35 39 53
35 40 941
35 44 374
35 47 348
35 57 533
35 60 800
35 62 556
35 64 244
35 65 568
35 67 174
35 70 407
35 73 285
35 75 490
35 76 618
35 82 535
35 85 799
35 89 154
35 95 534
35 101 590
35 102 882
35 103 249
35 106 607
35 107 756
35 111 709
35 115 342
35 116 957
35 117 263
35 121 49
35 128 849
35 129 580
35 132 684
35 133 679
35 140 957
35 141 139
35 142 905
35 145 64
35 147 689
35 148 319
35 152 802
35 153 989
35 156 686
35 157 989
35 158 972
35 159 946
35 171 142
35 172 746
35 174 300
35 177 67
35 179 654
35 185 234
35 189 714
35 195 710
35 197 387
35 204 54
36 38 96
36 41 252
36 47 952
36 48 502
36 49 592
36 50 379
36 51 552
36 55 389
36 58 198
36 60 19
36 61 854
36 64 254
36 68 88
36 71 745
36 72 983
36 73 816
36 75 802
36 78 985
36 79 368
36 87 575
36 91 41
36 92 192
36 104 34
36 106 131
36 108 310
36 109 767
36 113 451
36 116 159
36 120 324
36 121 43
36 123 449
36 124 861
36 131 920
36 133 982
36 135 851
36 139 362
36 142 438
36 153 280
36 157 206
36 160 326
36 162 208
36 166 142
36 172 726
36 173 67
36 176 91
36 179 700
36 183 234
36 184 715
36 193 686
36 194 884
36 203 826
36 210 330
37 38 974
37 49 366
37 52 915
37 58 432
37 65 952
37 66 867
37 72 506
37 78 453
37 81 808
37 84 328
37 92 509
37 96 487
37 100 760
37 103 720
37 104 97
37 105 244
37 113 268
37 114 23
37 115 681
37 116 943
37 122 409
37 125 584
37 127 239
37 130 577
37 134 172
37 136 785
37 137 933
37 142 851
37 146 469
37 151 943
37 153 933
37 154 755
37 155 44
37 159 113
37 161 747
37 163 946
37 165 668
37 168 366
37 171 373
37 177 101
37 180 81
37 182 501
37 186 264
37 189 304
37 192 131
37 196 281
37 199 331
37 202 485
37 206 485
38 46 176
38 49 68
38 55 991
38 62 623
38 65 529
38 67 644
38 72 188
38 77 662
38 79 40
38 80 948
38 85 180
38 88 336
38 97 413
38 100 664
38 103 40
38 104 475
38 109 892
38 110 252
38 112 559
38 118 212
38 120 235
38 123 722
38 127 577
38 128 430
38 132 471
38 133 815
38 139 867
38 140 273
38 141 25
38 145 418
38 146 539
38 147 404
38 148 180
38 150 477
38 153 133
38 154 747
38 157 474
38 172 204
38 174 245
38 182 846
38 187 710
38 189 387
38 191 971
38 192 174
38 195 711
38 206 279
38 209 552
39 48 891
39 52 617
39 53 925
39 54 21
39 55 638
39 57 709
39 58 734
39 59 410
39 60 432
39 61 872
39 64 404
39 65 114
39 66 780
39 67 832
39 71 236
39 76 499
39 81 225
39 82 313
39 85 775
39 88 646
39 89 521
39 91 950
39 93 353
39 94 591
39 95 263
39 98 944
39 99 718
39 102 182
39 113 163
39 119 883
39 121 329
39 122 319
39 123 340
39 124 398
39 125 695
39 126 71
39 141 634
39 151 424
39 152 715
39 153 487
39 156 299
39 157 328
39 166 803
39 170 5
39 175 964
39 179 499
39 181 841
39 183 277
39 186 404
39 187 319
39 192 879
39 193 743
39 196 763
39 203 280
39 208 301
40 49 828
40 50 319
40 54 626
40 55 725
40 56 147
40 57 870
40 58 859
40 63 439
40 65 923
40 66 85
40 73 510
40 74 137
40 77 954
40 80 515
40 84 10
40 91 417
40 93 84
40 94 498
40 95 664
40 97 54
40 102 213
40 103 487
40 105 861
40 106 760
40 112 828
40 119 502
40 120 100
40 121 482
40 122 779
40 124 980
40 132 713
40 140 905
40 143 11
40 147 651
40 149 157
40 150 58
40 154 535
40 159 796
40 162 150
40 163 547
40 164 99
40 165 941
40 169 319
40 171 716
40 172 625
40 175 549
40 178 777
40 181 400
40 183 715
40 186 451
40 188 212
40 190 400
40 192 661
40 195 593
40 197 417
40 198 450
40 204 698
41 42 132
41 51 501
41 56 850
41 59 608
41 60 708
41 63 948
41 67 476
41 72 931
41 74 403
41 76 848
41 77 553
41 78 368
41 80 644
41 87 634
41 88 403
41 89 643
41 91 133
41 95 5
41 97 620
41 99 6
41 101 796
41 106 288
41 113 325
41 118 392
41 119 909
41 122 304
41 128 46
41 133 943
41 134 517
41 136 85
41 146 917
41 147 266
41 148 127
41 152 68
41 158 490
41 160 78
41 161 94
41 168 832
41 170 678
41 172 546
41 176 300
41 183 184
41 191 109
41 194 600
41 201 873
41 202 890
41 206 452
42 44 32
42 46 814
42 48 731
42 50 278
42 53 914
42 54 81
42 60 621
42 64 520
42 65 58
42 76 474
42 96 984
42 97 421
42 100 704
42 101 466
42 110 938
42 112 565
42 119 675
42 136 169
42 137 590
42 139 456
42 140 775
42 141 235
42 143 381
42 144 660
42 152 509
42 160 964
42 162 227
42 163 328
42 165 787
42 174 413
42 175 884
42 176 691
42 177 710
42 178 337
42 181 90
42 185 636
42 187 846
42 190 715
42 193 205
42 205 824
42 208 590
43 46 695
43 48 596
43 53 504
43 55 984
43 57 56
43 59 843
43 60 980
43 62 676
43 64 569
43 65 779
43 70 11
43 72 304
43 73 497
43 76 454
43 83 805
43 84 556
43 87 824
43 92 153
43 93 129
43 94 917
43 96 564
43 101 82
43 102 930
43 103 526
43 108 360
43 109 737
43 114 494
43 118 103
43 119 983
43 121 144
43 124 745
43 129 715
43 130 999
43 131 905
43 133 792
43 136 293
43 139 214
43 142 779
43 156 195
43 159 26
43 161 799
43 167 79
43 168 522
43 169 178
43 172 94
43 174 967
43 175 947
43 177 231
43 178 607
43 190 317
43 195 985
43 196 865
43 197 846
43 200 175
43 205 856
43 208 123
43 210 232
44 50 905
44 53 122
44 56 147
44 66 873
44 68 934
44 71 332
44 73 890
44 84 183
44 88 852
44 91 541
44 98 42
44 101 589
44 102 797
44 104 486
44 105 848
44 108 602
44 110 959
44 113 359
44 114 563
44 117 490
44 123 690
44 125 398
44 126 762
44 128 133
44 136 123
44 137 335
44 139 913
44 141 330
44 151 406
44 157 82
44 158 47
44 160 957
44 167 905
44 170 999
44 171 913
44 177 65
44 180 154
44 184 949
44 185 759
44 190 56
44 193 778
44 196 457
44 198 260
44 202 488
44 203 963
44 207 521
45 46 757
45 51 682
45 53 808
45 61 628
45 63 196
45 66 540
45 70 220
45 71 423
45 78 790
45 83 565
45 86 998
45 88 604
45 93 885
45 94 475
45 95 798
45 96 787
45 98 158
45 100 29
45 106 921
45 108 488
45 109 955
45 112 412
45 114 97
45 119 201
45 122 510
45 126 668
45 127 668
45 128 83
45 129 361
45 131 335
45 134 940
45 136 607
45 139 276
45 141 49
45 144 253
45 146 515
45 147 132
45 150 196
45 152 344
45 153 541
45 154 666
45 155 489
45 156 610
45 158 240
45 161 439
45 165 797
45 167 834
45 172 385
45 180 443
45 186 463
45 187 166
45 189 991
45 196 150
45 197 491
45 199 726
45 204 421
45 205 880
45 208 319
45 209 227
46 50 305
46 55 785
46 61 243
46 66 829
46 69 60
46 73 550
46 74 635
46 77 270
46 82 474
46 85 37
46 87 519
46 88 667
46 93 42
46 96 989
46 101 243
46 104 640
46 107 245
46 118 401
46 120 440
46 130 103
46 134 533
46 135 7
46 139 422
46 140 993
46 148 790
46 156 220
46 157 175
46 162 798
46 164 428
46 169 290
46 172 892
46 180 737
46 181 863
46 186 25
46 187 462
46 189 555
46 191 444
46 192 336
46 193 435
46 197 296
46 198 858
46 209 798
46 210 650
47 52 403
47 60 230
47 66 256
47 68 689
47 71 237
47 72 864
47 78 662
47 79 241
47 81 402
47 89 622
47 98 431
47 100 601
47 104 295
47 105 499
47 111 727
47 113 703
47 116 425
47 117 849
47 118 52
47 122 619
47 128 68
47 135 897
47 137 127
47 139 897
47 140 851
47 142 672
47 143 635
47 144 78
47 145 143
47 146 740
47 151 355
47 152 27
47 157 706
47 158 331
47 160 497
47 161 224
47 162 219
47 169 31
47 171 294
47 178 407
47 184 106
47 185 809
47 186 910
47 187 461
47 188 476
47 190 827
47 193 659
47 197 703
47 200 242
47 204 156
47 205 438
47 206 210
47 207 66
47 208 40
48 49 698
48 53 547
48 55 701
48 59 847
48 61 468
48 65 694
48 67 585
48 72 686
48 75 966
48 79 567
48 80 490
48 83 840
48 85 147
48 88 905
48 90 339
48 94 140
48 95 984
48 98 667
48 105 920
48 110 206
48 115 466
48 116 129
48 118 396
48 121 741
48 122 179
48 123 386
48 132 490
48 134 30
48 137 558
48 139 583
48 140 479
48 148 640
48 158 550
48 159 384
48 160 65
48 165 309
48 168 145
48 169 654
48 177 132
48 178 453
48 179 848
48 193 545
48 196 418
48 203 527
48 204 907
48 208 830
49 50 66
49 52 234
49 53 672
49 60 84
49 61 431
49 62 788
49 63 384
49 65 945
49 66 21
49 68 650
49 74 223
49 75 86
49 76 635
49 79 585
49 80 827
49 82 329
49 84 15
49 85 12
49 88 372
49 89 729
49 92 899
49 98 17
49 108 191
49 110 370
49 111 623
49 112 279
49 113 51
49 116 784
49 123 889
49 127 897
49 128 735
49 130 722
49 132 381
49 133 832
49 136 407
49 140 358
49 144 861
49 145 703
49 152 516
49 156 115
49 158 629
49 160 95
49 163 519
49 166 458
49 169 795
49 180 785
49 181 586
49 185 675
49 189 832
49 195 38
49 204 509
49 207 54
50 51 71
50 52 239
50 53 38
50 59 636
50 61 285
50 63 813
50 64 114
50 72 575
50 78 172
50 82 134
50 84 446
50 87 202
50 92 939
50 94 233
50 95 648
50 97 92
50 98 586
50 99 849
50 100 735
50 101 880
50 102 412
50 109 461
50 111 245
50 122 721
50 126 256
50 130 88
50 133 22
50 143 654
50 144 484
50 145 331
50 147 640
50 149 598
50 150 999
50 151 499
50 153 216
50 154 181
50 155 943
50 157 907
50 159 601
50 160 513
50 163 845
50 165 765
50 167 236
50 175 877
50 176 610
50 181 795
50 182 148
50 185 433
50 187 417
50 189 356
50 196 872
50 199 634
50 201 636
50 204 811
50 208 232
50 209 694
51 52 7
51 58 695
51 60 919
51 61 354
51 71 736
51 76 552
51 80 753
51 81 33
51 82 312
51 89 2
51 90 869
51 92 62
51 93 845
51 97 675
51 105 446
51 107 24
51 108 809
51 111 666
51 114 160
51 126 548
51 132 863
51 133 248
51 143 452
51 144 907
51 146 600
51 149 211
51 151 338
51 156 533
51 165 935
51 178 107
51 182 527
51 185 868
51 186 300
51 189 378
51 193 332
51 195 672
51 199 969
51 205 69
51 207 995
51 208 548
52 54 905
52 58 888
52 60 843
52 64 964
52 67 781
52 71 844
52 77 494
52 78 410
52 79 786
52 87 749
52 89 858
52 90 184
52 91 665
52 94 919
52 104 616
52 107 965
52 108 452
52 109 195
52 114 324
52 123 651
52 124 818
52 129 623
52 130 7
52 132 590
52 139 466
52 140 987
52 144 177
52 148 642
52 152 231
52 160 324
52 162 142
52 164 32
52 165 53
52 167 696
52 168 732
52 171 47
52 172 897
52 173 605
52 176 676
52 179 318
52 182 649
52 183 438
52 184 866
52 186 7
52 187 479
52 189 660
52 192 938
52 196 567
52 206 132
53 59 397
53 66 820
53 67 648
53 70 179
53 72 476
53 74 102
53 79 427
53 85 773
53 86 711
53 90 113
53 91 497
53 94 593
53 96 742
53 97 366
53 99 646
53 100 866
53 101 710
53 103 209
53 104 24
53 106 866
53 109 660
53 114 63
53 116 860
53 118 274
53 119 392
53 124 338
53 127 117
53 128 208
53 129 970
53 131 154
53 132 855
53 133 556
53 135 54
53 137 310
53 140 874
53 141 434
53 142 762
53 144 592
53 148 308
53 151 657
53 153 485
53 155 892
53 156 420
53 158 758
53 159 285
53 160 186
53 162 14
53 164 233
53 169 268
53 174 165
53 175 955
53 177 846
53 178 335
53 180 524
53 183 246
53 187 950
53 188 488
53 197 340
53 199 104
53 201 535
53 203 864
53 210 422
54 57 161
54 70 126
54 71 637
54 75 673
54 76 700
54 77 516
54 80 867
54 82 998
54 83 938
54 86 992
54 90 407
54 93 953
54 94 293
54 95 316
54 101 26
54 106 425
54 109 547
54 110 397
54 112 673
54 114 352
54 117 885
54 118 444
54 123 941
54 125 942
54 126 294
54 127 546
54 131 858
54 132 493
54 135 418
54 137 477
54 139 539
54 146 335
54 157 999
54 159 407
54 161 812
54 163 465
54 165 42
54 176 711
54 178 764
54 181 378
54 185 548
54 186 344
54 187 913
54 189 198
54 193 8
54 195 998
54 198 795
54 201 582
54 205 403
54 206 310
55 62 729
55 68 509
55 73 810
55 80 777
55 84 463
55 85 868
55 89 796
55 91 449
55 93 366
55 94 518
55 95 693
55 101 838
55 102 723
55 107 272
55 108 356
55 110 149
55 111 401
55 112 395
55 113 464
55 116 186
55 118 928
55 121 787
55 125 978
55 126 645
55 130 70
55 131 386
55 133 977
55 135 278
55 137 986
55 142 354
55 143 454
55 144 182
55 148 320
55 151 61
55 152 466
55 154 303
55 155 608
55 157 983
55 162 40
55 166 319
55 171 420
55 182 769
55 186 787
55 187 466
55 191 419
55 193 704
55 195 932
55 196 534
55 198 420
55 199 113
55 200 92
55 205 104
55 206 746
56 58 407
56 59 950
56 61 238
56 65 884
56 70 430
56 77 24
56 79 288
56 81 134
56 85 114
56 87 926
56 95 861
56 96 257
56 97 465
56 99 122
56 100 82
56 101 161
56 105 790
56 107 840
56 111 362
56 116 673
56 118 534
56 119 78
56 120 134
56 121 817
56 122 244
56 123 863
56 130 409
56 137 232
56 138 205
56 141 790
56 142 751
56 144 560
56 145 771
56 151 556
56 155 623
56 156 553
56 160 624
56 164 49
56 167 734
56 169 377
56 174 867
56 175 218
56 176 196
56 177 101
56 179 688
56 181 421
56 183 697
56 184 559
56 189 832
56 192 728
56 193 754
56 197 164
56 202 45
56 205 902
56 206 252
56 207 305
56 210 870
57 59 287
57 62 925
57 63 226
57 64 201
57 66 69
57 70 745
57 76 805
57 78 241
57 81 30
57 85 500
57 87 466
57 89 65
57 91 593
57 93 801
57 94 829
57 99 208
57 100 619
57 103 185
57 109 190
57 111 333
57 112 251
57 115 897
57 126 492
57 129 188
57 131 541
57 141 503
57 143 191
57 145 909
57 147 428
57 148 502
57 154 736
57 160 816
57 162 196
57 166 664
57 170 415
57 173 280
57 176 610
57 177 454
57 178 235
57 179 271
57 180 293
57 181 960
57 191 213
57 192 80
57 195 148
57 196 268
57 197 809
57 202 836
57 204 68
58 60 988
58 62 464
58 64 534
58 65 625
58 67 170
58 72 634
58 75 969
58 79 337
58 82 396
58 84 611
58 87 150
58 88 922
58 90 768
58 92 9
58 100 961
58 102 300
58 105 408
58 107 371
58 108 5
58 121 46
58 128 203
58 130 802
58 132 514
58 137 875
58 147 759
58 148 678
58 153 287
58 154 773
58 155 626
58 156 476
58 157 931
58 158 346
58 160 892
58 164 58
58 169 972
58 170 228
58 176 778
58 181 327
58 183 28
58 185 898
58 186 540
58 188 285
58 190 990
58 193 386
58 205 441
58 206 701
58 210 193
59 60 936
59 61 393
59 62 323
59 63 666
59 64 279
59 65 176
59 71 159
59 73 430
59 79 775
59 80 246
59 91 56
59 92 104
59 96 968
59 97 184
59 101 294
59 102 700
59 105 384
59 109 23
59 111 653
59 117 575
59 119 359
59 121 477
59 122 95
59 123 670
59 126 70
59 130 302
59 131 138
59 133 98
59 135 755
59 139 402
59 141 112
59 142 149
59 155 517
59 159 36
59 162 510
59 163 64
59 167 993
59 171 573
59 174 672
59 175 375
59 176 998
59 179 793
59 181 836
59 182 600
59 183 111
59 184 200
59 187 324
59 188 561
59 198 73
59 199 285
59 205 144
59 209 504
59 210 290
60 62 906
60 64 829
60 66 71
60 67 77
60 69 590
60 76 957
60 80 345
60 81 990
60 87 79
60 88 745
60 90 557
60 92 318
60 93 362
60 94 398
60 106 242
60 113 208
60 116 73
60 119 183
60 121 8
60 122 564
60 125 142
60 127 2
60 134 418
60 139 131
60 142 569
60 143 950
60 144 967
60 146 31
60 153 66
60 157 188
60 159 505
60 165 538
60 167 670
60 168 216
60 169 919
60 170 197
60 175 283
60 178 30
60 179 945
60 184 738
60 187 47
60 193 455
60 196 175
60 197 948
60 198 502
60 199 916
60 200 343
60 206 629
60 207 984
60 210 693
61 69 408
61 70 662
61 72 540
61 74 559
61 75 302
61 76 367
61 79 165
61 80 417
61 84 769
61 86 723
61 87 337
61 91 270
61 95 995
61 96 845
61 98 299
61 102 325
61 104 527
61 105 470
61 107 610
61 109 773
61 110 264
61 115 336
61 116 655
61 117 802
61 123 17
61 125 278
61 131 299
61 134 779
61 140 390
61 144 297
61 145 941
61 149 56
61 155 616
61 156 98
61 157 945
61 158 286
61 159 229
61 160 400
61 165 338
61 167 420
61 168 19
61 169 423
61 175 345
61 176 666
61 177 969
61 182 521
61 186 738
61 190 292
61 191 701
61 195 164
61 196 944
61 199 96
61 202 264
61 203 449
61 207 733
61 210 801
62 63 372
62 64 275
62 65 103
62 67 507
62 68 82
62 71 493
62 72 166
62 73 549
62 76 930
62 81 372
62 84 632
62 86 996
62 89 220
62 104 735
62 105 437
62 107 848
62 108 438
62 111 532
62 117 409
62 120 404
62 123 541
62 124 675
62 127 487
62 130 166
62 131 539
62 133 214
62 141 79
62 142 479
62 148 824
62 157 957
62 160 698
62 162 401
62 165 764
62 166 48
62 169 735
62 176 816
62 177 58
62 182 340
62 184 547
62 185 547
62 186 587
62 187 738
62 190 633
62 191 683
62 193 907
62 194 229
62 195 508
62 197 85
62 200 493
62 202 280
62 209 516
63 69 270
63 71 957
63 76 495
63 77 483
63 83 517
63 86 83
63 88 908
63 95 127
63 97 615
63 106 860
63 113 799
63 118 395
63 120 971
63 123 747
63 126 76
63 133 700
63 135 17
63 140 180
63 143 891
63 144 427
63 155 127
63 156 544
63 158 56
63 168 904
63 169 584
63 171 93
63 172 809
63 178 586
63 179 236
63 180 584
63 182 902
63 183 794
63 185 658
63 189 111
63 195 162
63 196 671
63 200 35
63 201 912
63 203 740
63 204 920
63 209 359
64 65 51
64 69 13
64 78 682
64 79 885
64 81 364
64 88 346
64 93 209
64 98 797
64 103 373
64 106 476
64 107 482
64 109 552
64 112 66
64 117 712
64 120 677
64 121 151
64 127 752
64 137 132
64 140 553
64 141 755
64 148 486
64 150 298
64 152 766
64 155 336
64 160 328
64 164 758
64 170 371
64 171 5
64 172 64
64 181 465
64 183 352
64 185 494
64 192 681
64 194 277
64 196 955
64 199 292
64 203 688
64 204 406
64 206 787
64 208 859
64 210 264
65 67 538
65 70 855
65 79 831
65 80 909
65 82 952
65 86 59
65 87 258
65 90 676
65 96 884
65 99 282
65 100 6
65 110 208
65 116 478
65 120 190
65 131 713
65 139 883
65 142 340
65 143 865
65 144 451
65 150 696
65 151 974
65 153 586
65 154 254
65 155 889
65 160 928
65 162 592
65 167 565
65 169 140
65 170 671
65 171 756
65 175 333
65 179 526
65 180 925
65 181 732
65 186 548
65 189 996
65 191 694
65 194 1000
65 195 734
65 196 563
65 198 247
65 200 452
65 203 678
65 205 116
65 209 347
66 68 642
66 70 156
66 78 840
66 83 788
66 84 354
66 85 768
66 86 257
66 92 868
66 93 500
66 94 742
66 95 425
66 107 578
66 113 1000
66 117 292
66 123 598
66 124 943
66 125 974
66 130 578
66 137 291
66 139 467
66 140 334
66 142 57
66 154 642
66 162 744
66 163 453
66 164 94
66 168 791
66 170 80
66 175 601
66 179 131
66 183 823
66 184 485
66 186 608
66 187 635
66 189 455
66 190 26
66 197 861
66 198 578
66 202 823
67 72 867
67 75 902
67 77 664
67 78 42
67 90 179
67 93 337
67 96 142
67 99 405
67 103 799
67 105 689
67 106 548
67 108 12
67 110 811
67 111 11
67 112 871
67 113 433
67 116 758
67 118 496
67 120 309
67 123 675
67 124 752
67 127 684
67 130 791
67 135 229
67 141 690
67 142 762
67 144 585
67 158 107
67 162 199
67 163 927
67 164 23
67 166 358
67 167 447
67 168 736
67 172 951
67 179 828
67 190 450
67 194 620
67 197 136
67 198 884
67 199 66
67 202 763
67 203 782
67 205 276
67 209 166
68 72 993
68 75 786
68 81 697
68 83 521
68 90 875
68 91 611
68 106 71
68 113 785
68 116 415
68 117 491
68 131 16
68 133 226
68 135 11
68 136 159
68 141 796
68 142 277
68 146 579
68 149 469
68 152 434
68 153 651
68 154 334
68 159 748
68 163 811
68 166 469
68 168 729
68 170 40
68 172 107
68 174 110
68 176 282
68 178 890
68 191 125
68 193 411
68 194 994
68 196 92
68 199 34
68 205 610
69 73 227
69 75 40
69 78 91
69 79 257
69 90 185
69 91 806
69 98 677
69 99 940
69 102 118
69 103 543
69 111 235
69 112 369
69 115 943
69 122 918
69 125 779
69 128 574
69 133 709
69 134 630
69 136 927
69 137 681
69 138 937
69 139 657
69 142 457
69 150 89
69 154 738
69 156 252
69 163 157
69 167 951
69 170 143
69 174 117
69 181 922
69 188 880
69 192 655
69 195 954
69 196 861
69 206 278
69 207 507
70 71 136
70 74 596
70 76 357
70 77 723
70 83 997
70 87 84
70 91 752
70 93 293
70 95 175
70 97 450
70 105 686
70 107 249
70 109 786
70 110 937
70 114 10
70 129 7
70 132 64
70 135 562
70 137 179
70 149 892
70 150 728
70 159 138
70 160 48
70 162 114
70 165 456
70 167 36
70 173 853
70 175 739
70 176 810
70 177 809
70 179 793
70 180 316
70 182 580
70 185 947
70 191 845
70 201 710
71 77 297
71 80 955
71 86 590
71 95 800
71 97 177
71 99 135
71 101 326
71 105 103
71 110 791
71 112 921
71 118 885
71 119 327
71 124 610
71 127 9
71 130 747
71 133 556
71 135 33
71 137 697
71 139 17
71 146 217
71 149 969
71 150 971
71 151 756
71 164 996
71 167 244
71 168 743
71 171 948
71 172 298
71 173 4
71 176 814
71 180 266
71 181 842
71 182 613
71 183 527
71 185 615
71 186 831
71 190 355
71 202 485
71 205 734
71 208 867
71 210 429
72 76 913
72 79 7
72 82 57
72 83 459
72 84 585
72 85 643
72 87 438
72 88 310
72 91 110
72 92 543
72 94 536
72 100 812
72 102 275
72 105 465
72 110 392
72 112 747
72 115 222
72 116 84
72 119 511
72 121 414
72 125 38
72 127 112
72 129 949
72 130 781
72 131 51
72 133 555
72 137 390
72 141 700
72 142 802
72 146 626
72 148 696
72 149 119
72 151 490
72 153 852
72 156 90
72 158 786
72 160 788
72 163 610
72 164 656
72 172 459
72 178 719
72 179 615
72 184 610
72 188 666
72 192 484
72 194 735
72 199 417
72 201 614
72 203 811
72 208 153
72 210 298
73 74 464
73 76 654
73 98 824
73 99 310
73 101 37
73 103 621
73 104 931
73 109 657
73 112 394
73 113 92
73 116 111
73 119 44
73 121 553
73 131 334
73 132 700
73 137 801
73 139 5
73 140 189
73 141 85
73 143 142
73 144 1000
73 147 399
73 149 506
73 151 334
73 152 214
73 156 912
73 166 150
73 170 379
73 171 167
73 186 437
73 187 980
73 199 932
73 200 285
73 209 118
73 210 930
74 75 867
74 78 663
74 79 361
74 87 42
74 90 894
74 95 163
74 96 819
74 97 752
74 99 43
74 113 893
74 114 406
74 117 407
74 122 753
74 125 661
74 128 89
74 129 322
74 138 354
74 142 98
74 143 655
74 155 285
74 156 97
74 158 511
74 166 692
74 170 810
74 172 759
74 174 538
74 180 122
74 184 601
74 194 811
74 198 306
74 199 876
74 202 530
74 204 376
74 207 913
74 208 369
75 76 767
75 80 717
75 82 23
75 86 468
75 93 979
75 94 500
75 95 613
75 101 373
75 103 979
75 104 488
75 107 94
75 109 483
75 113 905
75 114 921
75 117 462
75 126 288
75 128 358
75 129 866
75 130 415
75 131 521
75 137 551
75 142 260
75 146 817
75 147 908
75 148 218
75 150 599
75 153 465
75 159 168
75 164 905
75 169 453
75 170 865
75 173 214
75 179 73
75 184 73
75 188 570
75 191 473
75 193 458
75 196 93
75 198 317
75 200 243
75 202 802
75 203 810
75 205 533
75 206 956
75 209 18
76 79 294
76 81 112
76 87 105
76 89 471
76 91 706
76 92 479
76 96 861
76 100 880
76 105 532
76 106 604
76 109 396
76 118 640
76 120 367
76 122 594
76 125 30
76 132 478
76 134 148
76 139 343
76 142 445
76 148 809
76 153 845
76 154 501
76 156 379
76 158 283
76 164 545
76 172 300
76 179 159
76 180 937
76 182 442
76 183 246
76 187 345
76 195 114
76 198 359
76 199 611
76 203 972
76 204 423
76 207 229
76 210 166
77 81 310
77 86 526
77 88 841
77 89 335
77 96 640
77 100 69
77 102 302
77 105 760
77 107 534
77 111 41
77 118 307
77 122 188
77 129 683
77 131 842
77 136 13
77 141 764
77 142 386
77 144 158
77 146 304
77 153 264
77 155 773
77 156 220
77 159 831
77 162 811
77 164 654
77 165 708
77 168 212
77 171 134
77 173 45
77 178 661
77 179 898
77 185 597
77 192 839
77 193 10
77 194 65
77 197 815
77 198 637
77 199 126
77 201 195
77 205 72
77 208 270
77 209 580
78 83 435
78 84 55
78 86 766
78 91 383
78 92 554
78 93 906
78 108 311
78 114 620
78 115 54
78 116 420
78 120 649
78 128 876
78 132 385
78 134 376
78 138 329
78 141 638
78 143 220
78 144 842
78 149 119
78 150 929
78 152 861
78 153 249
78 156 146
78 157 650
78 172 222
78 174 408
78 177 388
78 178 180
78 179 106
78 181 416
78 183 257
78 188 987
78 189 830
78 191 913
78 196 155
78 199 306
78 201 965
78 205 79
78 207 470
79 81 316
79 84 276
79 87 440
79 89 48
79 90 645
79 94 500
79 97 273
79 100 979
79 101 462
79 102 236
79 106 243
79 110 822
79 119 532
79 123 731
79 124 385
79 125 68
79 126 829
79 134 628
79 139 269
79 140 434
79 146 990
79 148 32
79 154 896
79 155 691
79 156 483
79 164 212
79 165 905
79 171 799
79 172 796
79 174 756
79 176 194
79 177 419
79 184 124
79 187 568
79 199 472
79 203 667
79 209 943
80 83 930
80 88 886
80 89 452
80 90 659
80 94 847
80 99 208
80 101 602
80 102 442
80 107 897
80 110 707
80 111 166
80 120 682
80 123 10
80 125 569
80 126 60
80 127 871
80 128 232
80 129 56
80 132 739
80 134 304
80 143 944
80 147 637
80 148 342
80 149 942
80 156 190
80 157 309
80 163 313
80 167 652
80 169 875
80 172 71
80 185 198
80 187 806
80 188 894
80 189 706
80 190 378
80 194 60
80 198 972
80 199 623
80 201 760
80 203 925
80 204 22
81 82 459
81 88 534
81 98 959
81 99 77
81 105 192
81 106 439
81 107 680
81 108 98
81 111 452
81 112 822
81 116 224
81 118 909
81 121 159
81 123 963
81 130 879
81 135 346
81 138 23
81 139 483
81 147 362
81 149 658
81 151 517
81 152 745
81 155 564
81 158 323
81 164 275
81 168 930
81 170 886
81 174 156
81 175 680
81 186 85
81 187 389
81 190 919
81 192 163
81 194 957
81 195 82
81 198 377
81 203 315
81 210 227
82 86 974
82 87 768
82 88 732
82 89 223
82 94 621
82 95 441
82 96 822
82 97 731
82 99 116
82 106 769
82 109 112
82 112 827
82 113 219
82 114 223
82 116 909
82 119 537
82 122 607
82 125 702
82 126 516
82 133 125
82 137 259
82 144 251
82 146 181
82 148 919
82 149 333
82 158 801
82 163 491
82 164 990
82 169 514
82 182 20
82 184 348
82 194 70
82 195 357
82 197 104
82 209 903
82 210 980
83 91 929
83 95 314
83 97 601
83 98 681
83 100 617
83 107 493
83 110 670
83 112 123
83 115 701
83 121 615
83 122 899
83 123 847
83 124 590
83 126 226
83 127 888
83 129 445
83 134 997
83 137 832
83 141 47
83 150 515
83 152 27
83 153 6
83 154 474
83 155 787
83 156 412
83 158 812
83 160 491
83 164 530
83 165 59
83 168 655
83 172 263
83 173 664
83 174 854
83 178 278
83 181 371
83 186 598
83 192 854
83 193 558
83 194 375
83 196 464
83 205 190
84 86 720
84 89 466
84 98 669
84 100 807
84 103 329
84 104 196
84 107 15
84 109 784
84 111 563
84 116 265
84 118 909
84 119 81
84 120 548
84 122 317
84 127 423
84 132 958
84 137 667
84 146 915
84 148 547
84 150 798
84 154 934
84 155 61
84 167 730
84 170 473
84 172 26
84 173 80
84 186 472
84 189 778
84 191 802
84 194 540
84 198 496
84 203 333
84 206 492
84 210 997
85 86 625
85 87 799
85 89 324
85 96 386
85 98 548
85 99 721
85 107 527
85 109 541
85 115 981
85 118 891
85 123 897
85 148 475
85 150 737
85 152 395
85 155 942
85 157 556
85 158 696
85 162 364
85 172 320
85 177 62
85 185 960
85 189 334
85 190 35
85 191 941
85 193 81
85 197 750
85 201 992
85 210 468
86 89 508
86 94 963
86 97 940
86 98 369
86 103 150
86 108 754
86 109 159
86 110 67
86 112 102
86 113 756
86 120 492
86 121 805
86 125 626
86 129 430
86 131 159
86 134 410
86 135 781
86 137 133
86 138 575
86 140 862
86 144 307
86 147 383
86 150 354
86 152 604
86 158 276
86 160 78
86 162 688
86 163 969
86 165 304
86 169 140
86 170 36
86 176 440
86 177 38
86 180 807
86 182 156
86 183 724
86 186 757
86 188 100
86 190 303
86 192 982
86 193 96
86 196 982
86 203 681
86 207 326
87 90 705
87 91 703
87 92 659
87 93 574
87 94 215
87 99 202
87 104 621
87 108 465
87 112 785
87 121 591
87 123 38
87 125 861
87 126 582
87 127 193
87 134 416
87 136 526
87 138 431
87 140 68
87 143 209
87 148 691
87 153 173
87 154 933
87 160 791
87 172 946
87 179 560
87 182 349
87 186 520
87 189 707
87 194 178
87 204 705
87 205 647
88 99 25
88 101 963
88 104 206
88 106 745
88 110 220
88 111 903
88 115 733
88 117 282
88 126 191
88 130 982
88 131 60
88 135 984
88 136 423
88 137 483
88 148 334
88 149 224
88 150 670
88 153 400
88 154 514
88 157 649
88 158 761
88 159 53
88 161 939
88 163 398
88 165 162
88 167 459
88 171 595
88 175 663
88 176 580
88 178 216
88 180 847
88 182 54
88 186 3
88 190 585
88 192 765
88 193 915
88 195 610
88 199 531
88 206 692
88 207 513
88 210 909
89 91 913
89 92 441
89 97 185
89 101 152
89 104 633
89 106 200
89 109 956
89 110 103
89 115 964
89 116 618
89 118 581
89 119 314
89 120 927
89 121 185
89 125 437
89 126 673
89 130 598
89 138 542
89 153 72
89 154 613
89 159 392
89 160 531
89 163 202
89 164 31
89 168 555
89 169 359
89 170 496
89 171 861
89 173 298
89 177 255
89 178 864
89 183 130
89 186 117
89 187 630
89 192 312
89 193 878
89 194 348
89 196 659
89 197 871
89 203 990
89 206 931
89 207 676
89 210 650
90 92 361
90 93 730
90 94 733
90 96 233
90 98 580
90 99 741
90 101 729
90 102 826
90 106 551
90 107 803
90 108 912
90 114 447
90 116 918
90 118 539
90 121 778
90 123 680
90 128 313
90 131 440
90 134 626
90 138 584
90 139 726
90 143 45
90 148 299
90 152 893
90 154 672
90 158 101
90 166 352
90 172 722
90 174 173
90 175 314
90 177 672
90 179 908
90 180 646
90 184 633
90 186 606
90 189 836
90 190 13
90 192 652
90 193 120
90 195 2
90 197 845
90 202 991
91 94 913
91 95 486
91 97 414
91 99 963
91 101 670
91 103 516
91 105 201
91 111 688
91 113 203
91 116 403
91 118 828
91 121 501
91 124 303
91 128 593
91 134 921
91 137 1000
91 142 789
91 143 97
91 144 483
91 145 604
91 151 860
91 158 104
91 159 77
91 161 484
91 164 757
91 165 622
91 168 284
91 171 492
91 176 543
91 177 880
91 178 335
91 182 442
91 184 74
91 192 39
91 198 461
91 204 561
91 210 846
92 95 946
92 100 146
92 105 851
92 110 496
92 112 697
92 115 753
92 116 547
92 120 762
92 127 764
92 129 225
92 133 438
92 135 669
92 137 917
92 138 898
92 142 361
92 143 944
92 153 473
92 159 589
92 162 199
92 168 569
92 170 942
92 178 946
92 181 783
92 188 280
92 192 477
92 199 886
92 204 635
92 209 263
93 94 302
93 102 902
93 103 942
93 105 542
93 109 58
93 112 942
93 115 702
93 116 910
93 117 226
93 122 377
93 124 945
93 127 996
93 129 821
93 131 770
93 133 309
93 135 657
93 145 958
93 146 716
93 152 213
93 159 13
93 161 507
93 163 952
93 164 242
93 166 223
93 167 236
93 172 957
93 183 718
93 184 605
93 190 560
93 192 46
93 193 744
93 195 458
93 202 180
93 208 97
94 97 237
94 102 610
94 103 647
94 105 897
94 106 220
94 109 342
94 113 82
94 116 406
94 121 301
94 123 943
94 124 416
94 127 917
94 130 835
94 131 434
94 137 467
94 141 530
94 144 921
94 145 562
94 147 931
94 149 787
94 151 552
94 155 639
94 156 197
94 158 310
94 168 910
94 174 36
94 175 387
94 177 332
94 180 707
94 187 322
94 189 704
94 190 879
94 193 430
94 196 996
94 199 316
94 202 513
94 203 760
94 206 917
95 101 304
95 103 98
95 104 174
95 106 782
95 111 923
95 118 674
95 119 961
95 128 194
95 129 429
95 130 508
95 131 125
95 139 197
95 141 609
95 142 149
95 143 428
95 144 376
95 147 544
95 149 454
95 154 280
95 158 47
95 159 49
95 160 675
95 163 531
95 170 311
95 171 541
95 178 720
95 179 132
95 183 789
95 187 908
95 189 278
95 190 448
95 196 117
95 200 766
95 202 917
96 97 8
96 101 633
96 103 780
96 104 442
96 108 480
96 111 954
96 114 16
96 117 243
96 119 519
96 125 415
96 129 991
96 130 627
96 134 325
96 136 743
96 139 322
96 140 259
96 143 357
96 144 811
96 145 506
96 147 40
96 149 815
96 152 256
96 154 881
96 157 949
96 162 884
96 164 596
96 166 736
96 173 917
96 175 762
96 178 232
96 181 882
96 187 21
96 188 438
96 189 5
96 195 755
96 198 66
96 199 435
96 201 931
96 203 143
96 204 588
96 206 974
96 208 770
96 209 417
96 210 635
97 104 413
97 105 299
97 106 522
97 115 340
97 116 75
97 121 84
97 126 767
97 129 995
97 130 899
97 139 420
97 158 537
97 170 88
97 173 485
97 174 883
97 179 218
97 184 257
97 186 799
97 192 366
97 194 791
97 197 885
97 202 400
97 206 464
97 210 793
98 111 20
98 113 962
98 114 10
98 119 132
98 120 12
98 125 567
98 133 228
98 136 715
98 138 817
98 140 157
98 142 774
98 143 559
98 145 88
98 149 95
98 154 501
98 156 6
98 157 417
98 162 790
98 163 861
98 164 942
98 166 227
98 167 473
98 170 499
98 171 747
98 172 590
98 176 283
98 177 648
98 186 228
98 188 827
98 189 793
98 192 683
98 201 631
98 202 355
98 203 116
98 204 998
98 206 627
98 210 817
99 100 269
99 101 336
99 102 281
99 108 296
99 109 430
99 115 864
99 117 10
99 124 533
99 125 147
99 131 638
99 134 323
99 136 544
99 137 582
99 138 373
99 142 418
99 144 549
99 145 508
99 147 995
99 148 433
99 151 2
99 164 5
99 170 750
99 172 980
99 173 896
99 178 999
99 180 828
99 182 946
99 184 627
99 185 612
99 186 676
99 189 660
99 194 75
99 197 508
99 198 673
99 199 134
99 209 743
99 210 636
100 101 437
100 103 928
100 106 379
100 111 123
100 113 696
100 115 736
100 117 542
100 124 555
100 127 866
100 129 622
100 131 689
100 132 302
100 136 54
100 141 390
100 142 335
100 143 19
100 144 674
100 154 803
100 155 473
100 161 139
100 162 615
100 163 638
100 168 21
100 175 547
100 177 688
100 184 472
100 187 918
100 188 904
100 189 824
100 200 844
100 205 583
100 207 627
100 209 311
100 210 713
101 102 268
101 104 676
101 105 246
101 110 7
101 111 420
101 112 140
101 115 23
101 116 716
101 117 262
101 125 446
101 126 137
101 127 673
101 128 169
101 131 424
101 132 421
101 133 296
101 134 715
101 135 704
101 136 216
101 141 126
101 142 968
101 143 692
101 145 156
101 148 866
101 161 222
101 162 27
101 167 26
101 168 831
101 171 386
101 173 803
101 175 721
101 182 440
101 184 402
101 188 383
101 199 897
101 204 328
101 209 403
102 106 598
102 107 350
102 109 294
102 111 411
102 117 404
102 121 88
102 123 502
102 125 78
102 126 598
102 128 377
102 130 880
102 132 144
102 135 596
102 140 415
102 142 262
102 150 608
102 151 590
102 154 775
102 159 518
102 166 170
102 167 409
102 170 307
102 173 565
102 174 513
102 176 71
102 179 398
102 181 774
102 182 751
102 187 457
102 188 314
102 191 465
102 192 666
102 194 687
102 196 738
102 198 926
102 207 279
102 208 96
103 106 283
103 109 209
103 119 127
103 120 787
103 123 208
103 124 701
103 128 803
103 129 287
103 131 953
103 134 502
103 135 159
103 139 544
103 141 875
103 142 228
103 144 668
103 146 700
103 150 591
103 153 207
103 154 423
103 156 473
103 166 937
103 169 316
103 175 683
103 178 214
103 179 848
103 181 368
103 185 389
103 187 553
103 194 545
103 199 515
103 202 827
104 108 252
104 111 402
104 112 734
104 116 543
104 122 345
104 126 414
104 128 979
104 129 1000
104 130 654
104 131 579
104 134 146
104 136 376
104 137 988
104 142 300
104 143 791
104 151 762
104 156 208
104 158 994
104 159 56
104 160 559
104 163 748
104 166 649
104 173 548
104 176 150
104 178 983
104 182 527
104 185 853
104 186 282
104 191 75
104 194 23
104 195 475
104 208 955
105 106 987
105 107 643
105 109 521
105 112 960
105 117 422
105 126 566
105 131 829
105 133 947
105 134 252
105 135 346
105 140 595
105 142 731
105 144 853
105 145 49
105 147 83
105 150 176
105 152 868
105 160 835
105 164 397
105 170 246
105 171 243
105 172 582
105 176 217
105 177 136
105 179 111
105 180 42
105 183 190
105 185 474
105 187 377
105 188 327
105 194 608
105 205 340
105 206 407
105 207 882
105 208 896
105 209 985
105 210 527
106 107 7
106 109 493
106 112 842
106 115 709
106 116 145
106 117 223
106 120 488
106 121 93
106 122 291
106 124 496
106 125 222
106 129 550
106 133 809
106 135 837
106 136 889
106 138 85
106 144 806
106 147 732
106 152 850
106 153 591
106 154 920
106 156 165
106 159 633
106 164 330
106 169 339
106 170 975
106 172 57
106 175 127
106 176 113
106 181 388
106 184 346
106 187 593
106 190 730
106 192 707
106 193 737
106 194 158
106 196 902
106 200 464
106 205 912
107 108 659
107 110 813
107 112 831
107 113 965
107 114 403
107 117 801
107 126 376
107 127 194
107 131 987
107 134 840
107 136 455
107 138 156
107 140 616
107 144 50
107 152 245
107 156 895
107 157 570
107 161 387
107 163 350
107 164 181
107 166 579
107 168 436
107 170 582
107 172 525
107 173 274
107 174 390
107 185 765
107 188 175
107 191 814
107 192 991
107 193 459
107 196 966
107 202 770
107 209 222
107 210 944
108 111 940
108 113 659
108 119 672
108 123 398
108 124 266
108 128 799
108 130 915
108 138 316
108 139 809
108 143 687
108 147 783
108 165 995
108 167 777
108 184 459
108 187 986
108 191 758
108 197 66
108 199 602
108 200 650
108 201 503
108 206 575
108 207 863
108 209 681
109 111 722
109 122 731
109 123 515
109 129 984
109 132 791
109 133 503
109 135 486
109 137 686
109 140 315
109 144 357
109 145 877
109 146 901
109 148 425
109 151 310
109 158 861
109 161 605
109 162 442
109 163 116
109 165 994
109 169 301
109 170 973
109 185 858
109 190 491
109 194 740
109 197 854
109 201 637
109 202 936
109 203 391
109 205 547
109 207 53
109 210 393
110 112 724
110 114 17
110 124 975
110 129 973
110 131 649
110 135 34
110 137 845
110 143 945
110 147 301
110 149 334
110 154 774
110 163 141
110 166 338
110 167 573
110 169 385
110 174 151
110 178 350
110 179 731
110 180 385
110 183 550
110 184 387
110 186 267
110 189 480
110 190 825
110 194 984
110 201 850
110 203 952
110 206 873
110 208 746
110 209 760
111 116 547
111 118 672
111 119 250
111 126 982
111 127 450
111 131 52
111 135 55
111 140 418
111 142 899
111 149 861
111 151 252
111 153 760
111 155 687
111 156 262
111 157 914
111 158 533
111 160 600
111 161 467
111 163 454
111 164 875
111 170 978
111 172 391
111 173 291
111 174 212
111 178 824
111 187 384
111 192 951
111 195 576
111 196 186
111 199 315
111 202 400
111 208 490
112 113 397
112 120 874
112 122 254
112 123 672
112 134 6
112 135 743
112 136 133
112 138 41
112 141 573
112 142 136
112 143 889
112 147 807
112 148 620
112 150 974
112 156 38
112 157 521
112 159 266
112 163 80
112 164 933
112 176 361
112 177 864
112 179 380
112 181 454
112 184 750
112 185 752
112 186 155
112 190 852
112 197 995
112 198 875
112 201 724
112 203 185
112 205 882
112 206 144
112 207 773
113 117 741
113 118 233
113 126 295
113 127 323
113 132 174
113 140 616
113 142 59
113 143 874
113 144 784
113 145 593
113 147 536
113 152 797
113 153 687
113 154 254
113 158 997
113 160 746
113 161 305
113 166 837
113 167 991
113 173 336
113 174 777
113 178 637
113 182 927
113 186 874
113 187 853
113 191 876
113 192 326
113 194 871
113 196 608
113 198 289
113 199 616
113 200 104
113 204 116
113 206 823
113 209 748
114 116 563
114 117 965
114 119 256
114 120 41
114 132 991
114 139 629
114 141 805
114 143 154
114 144 882
114 145 675
114 147 482
114 149 66
114 155 373
114 160 345
114 161 891
114 162 405
114 166 807
114 172 301
114 179 564
114 180 972
114 189 661
114 191 9
114 203 76
114 210 240
115 116 519
115 121 268
115 124 312
115 130 991
115 137 212
115 140 431
115 141 633
115 152 311
115 156 636
115 157 391
115 160 104
115 161 618
115 171 624
115 176 898
115 179 264
115 181 860
115 188 878
115 193 734
115 194 42
115 204 533
115 208 618
115 209 767
116 120 648
116 123 372
116 126 118
116 130 476
116 140 132
116 147 618
116 153 49
116 163 225
116 171 76
116 191 808
116 192 741
116 203 575
116 204 557
116 205 578
116 208 505
116 209 662
117 118 463
117 119 647
117 122 34
117 124 199
117 125 981
117 128 567
117 133 857
117 136 545
117 138 590
117 150 219
117 151 230
117 153 640
117 156 424
117 157 215
117 159 490
117 161 576
117 162 432
117 169 947
117 173 391
117 186 217
117 187 709
117 191 422
117 199 177
117 201 322
117 204 395
117 205 617
117 206 70
117 208 661
118 122 701
118 126 379
118 133 420
118 141 556
118 142 956
118 146 129
118 150 56
118 157 236
118 161 169
118 165 656
118 169 671
118 171 693
118 172 724
118 177 724
118 180 531
118 182 640
118 183 291
118 184 860
118 185 319
118 186 870
118 189 227
118 190 572
118 191 175
118 202 425
118 205 607
118 206 284
118 207 464
118 210 437
119 120 945
119 126 200
119 127 746
119 129 507
119 134 517
119 136 414
119 142 613
119 147 696
119 150 649
119 155 942
119 156 975
119 159 624
119 161 973
119 173 87
119 176 930
119 178 216
119 180 177
119 182 432
119 183 646
119 184 943
119 185 67
119 187 312
119 188 95
119 197 240
119 200 612
119 201 800
119 202 671
119 204 94
119 206 558
119 207 226
119 209 832
120 122 399
120 124 679
120 126 266
120 129 182
120 135 713
120 137 427
120 140 789
120 141 367
120 147 402
120 151 949
120 153 210
120 154 825
120 157 684
120 159 171
120 161 866
120 162 672
120 168 447
120 169 201
120 173 365
120 174 570
120 176 43
120 179 758
120 180 735
120 184 393
120 190 651
120 192 445
120 194 767
120 196 546
120 199 607
120 201 855
120 202 413
120 207 11
120 208 580
121 123 14
121 125 861
121 126 663
121 135 13
121 136 161
121 137 78
121 140 216
121 144 944
121 145 863
121 146 778
121 149 12
121 151 326
121 152 163
121 153 629
121 163 849
121 164 460
121 168 212
121 171 277
121 173 971
121 179 215
121 181 947
121 183 15
121 184 720
121 187 984
121 189 226
121 193 579
121 204 115
121 205 531
121 210 19
122 123 824
122 126 232
122 129 208
122 133 324
122 141 662
122 142 671
122 145 959
122 147 970
122 148 166
122 150 309
122 152 544
122 153 130
122 159 877
122 162 481
122 166 319
122 167 650
122 169 744
122 179 864
122 185 16
122 186 912
122 187 103
122 188 558
122 189 801
122 191 249
122 192 388
122 194 746
122 195 725
122 199 640
122 200 101
122 201 756
122 203 978
122 206 333
122 209 277
122 210 584
123 125 458
123 127 188
123 133 753
123 134 684
123 136 77
123 137 892
123 140 292
123 148 886
123 149 486
123 154 753
123 156 588
123 157 1000
123 160 707
123 163 307
123 169 863
123 171 111
123 172 295
123 176 434
123 180 232
123 183 26
123 185 339
123 188 297
123 192 887
123 194 177
123 196 78
123 198 219
123 199 539
123 200 541
123 204 570
123 207 869
124 125 625
124 126 879
124 134 451
124 137 359
124 142 159
124 143 671
124 152 662
124 159 603
124 160 216
124 183 945
124 184 641
124 188 424
124 193 133
124 195 976
124 196 610
124 198 397
124 203 716
124 210 40
125 127 882
125 128 921
125 130 378
125 134 852
125 138 254
125 139 359
125 143 76
125 144 162
125 148 236
125 151 224
125 152 777
125 154 45
125 157 794
125 161 544
125 162 293
125 164 762
125 169 100
125 172 233
125 175 665
125 185 995
125 190 899
125 195 810
125 197 767
125 199 521
125 201 35
125 203 296
125 204 399
125 205 508
125 207 463
126 133 187
126 134 258
126 135 514
126 146 539
126 148 135
126 151 958
126 153 670
126 156 650
126 161 795
126 163 319
126 174 131
126 175 103
126 176 300
126 178 696
126 181 617
126 182 216
126 183 265
126 184 212
126 186 483
126 187 916
126 190 991
126 193 384
126 196 298
126 197 175
126 205 637
126 209 929
127 128 762
127 140 213
127 144 278
127 145 974
127 147 971
127 149 427
127 151 709
127 153 523
127 158 551
127 167 39
127 168 453
127 174 87
127 182 795
127 184 996
127 185 333
127 187 314
127 188 543
127 191 231
127 194 176
127 197 559
127 198 879
127 202 948
127 205 337
127 206 567
127 210 237
128 132 878
128 146 124
128 148 163
128 150 224
128 152 733
128 157 570
128 165 292
128 166 419
128 171 911
128 172 766
128 173 870
128 175 764
128 178 537
128 181 188
128 184 979
128 187 270
128 195 859
128 198 958
128 208 588
128 209 665
129 131 812
129 137 820
129 144 918
129 145 200
129 148 892
129 149 749
129 155 806
129 160 650
129 161 289
129 165 168
129 166 603
129 168 392
129 169 685
129 170 695
129 172 590
129 174 69
129 177 186
129 180 720
129 182 411
129 187 985
129 191 78
129 192 524
129 204 741
130 131 183
130 135 601
130 136 351
130 144 785
130 149 950
130 156 127
130 161 924
130 163 61
130 169 536
130 174 41
130 180 233
130 183 796
130 189 491
130 192 827
130 193 242
130 199 514
130 202 487
130 204 562
130 210 111
131 133 721
131 136 22
131 139 890
131 141 285
131 146 661
131 151 319
131 153 437
131 156 969
131 157 971
131 158 105
131 159 243
131 162 501
131 163 749
131 164 506
131 165 102
131 167 339
131 168 846
131 172 919
131 174 625
131 176 164
131 177 534
131 179 245
131 183 832
131 184 616
131 196 682
131 197 116
131 199 968
131 201 712
131 203 937
131 205 231
131 206 317
131 209 895
131 210 997
132 134 122
132 136 799
132 143 868
132 146 151
132 155 225
132 167 941
132 172 60
132 174 189
132 175 292
132 179 841
132 183 820
132 190 746
132 192 15
132 193 25
132 196 586
132 199 473
132 205 162
132 206 728
132 210 501
133 136 256
133 138 290
133 139 86
133 141 528
133 143 669
133 146 745
133 147 95
133 151 84
133 153 428
133 155 664
133 157 794
133 163 4
133 166 734
133 169 311
133 172 852
133 177 139
133 182 621
133 185 70
133 186 592
133 188 36
133 189 837
133 191 493
133 192 483
133 193 188
133 196 500
133 206 435
133 208 875
134 138 910
134 140 483
134 141 872
134 146 415
134 147 282
134 149 631
134 154 669
134 164 881
134 168 236
134 169 301
134 175 306
134 178 987
134 181 47
134 183 784
134 185 130
134 186 578
134 188 722
134 190 49
134 193 953
134 198 536
134 199 731
134 201 676
134 205 752
134 207 508
134 209 163
135 138 482
135 144 42
135 154 945
135 157 790
135 159 452
135 166 365
135 167 606
135 170 628
135 172 310
135 177 402
135 183 668
135 186 881
135 196 566
135 200 601
135 205 574
136 140 543
136 148 565
136 149 555
136 150 460
136 152 208
136 164 339
136 166 102
136 168 162
136 169 187
136 170 384
136 172 903
136 175 765
136 182 245
136 183 540
136 184 631
136 187 717
136 194 493
136 195 441
136 196 380
136 197 866
136 198 564
136 200 652
136 204 894
136 205 137
136 210 226
137 139 265
137 140 68
137 141 249
137 149 92
137 150 188
137 153 253
137 154 793
137 157 368
137 161 665
137 167 846
137 179 860
137 184 332
137 185 178
137 186 642
137 187 110
137 190 565
137 191 347
137 195 918
137 209 968
138 140 668
138 148 743
138 150 303
138 155 975
138 156 718
138 160 614
138 163 680
138 176 809
138 181 228
138 182 464
138 184 431
138 185 651
138 187 574
138 194 874
138 197 459
138 204 445
138 206 611
138 208 749
139 142 907
139 143 740
139 146 460
139 150 997
139 151 430
139 155 799
139 170 98
139 177 777
139 180 525
139 182 279
139 183 580
139 187 320
139 192 145
139 193 848
139 198 12
139 200 674
139 206 868
139 208 525
139 210 985
140 142 823
140 149 280
140 161 815
140 162 793
140 164 88
140 172 158
140 174 279
140 177 2
140 182 681
140 198 764
140 201 403
140 205 798
141 144 30
141 155 927
141 157 276
141 159 430
141 165 907
141 170 592
141 174 883
141 178 314
141 179 997
141 181 10
141 185 787
141 193 392
141 195 649
141 196 517
141 200 666
141 201 927
141 204 238
141 205 526
141 207 245
141 209 27
142 145 530
142 163 49
142 164 315
142 169 601
142 170 937
142 171 691
142 173 734
142 174 264
142 175 131
142 180 921
142 181 704
142 184 500
142 188 881
142 197 290
142 198 715
142 200 894
142 203 563
142 207 557
143 144 982
143 145 332
143 151 838
143 152 986
143 156 514
143 161 826
143 163 629
143 165 453
143 167 74
143 172 124
143 173 685
143 174 314
143 175 503
143 182 707
143 186 794
143 189 505
143 191 847
143 194 710
143 204 561
143 205 661
144 146 654
144 147 396
144 152 243
144 154 871
144 155 27
144 157 453
144 159 624
144 162 842
144 166 803
144 170 279
144 172 228
144 173 626
144 178 317
144 179 100
144 181 890
144 182 534
144 186 811
144 191 622
144 192 110
144 193 394
144 195 238
144 196 361
144 199 72
144 200 38
144 204 602
144 206 552
144 208 665
144 210 219
145 153 746
145 155 363
145 157 707
145 158 824
145 160 540
145 171 918
145 176 45
145 177 291
145 182 456
145 186 161
145 191 996
145 192 73
145 197 883
145 200 229
145 203 814
145 206 533
145 207 861
145 209 549
146 147 49
146 151 499
146 152 925
146 154 749
146 157 692
146 161 261
146 165 484
146 168 982
146 171 699
146 182 676
146 191 363
146 197 110
146 198 814
146 199 432
146 202 262
146 207 327
147 149 995
147 161 11
147 163 123
147 168 341
147 177 792
147 179 344
147 180 877
147 181 516
147 182 446
147 185 820
147 186 340
147 189 647
147 191 79
147 196 509
147 198 209
147 199 612
147 203 122
147 204 179
148 154 249
148 157 375
148 158 395
148 159 437
148 160 910
148 165 422
148 171 85
148 172 948
148 174 856
148 176 349
148 177 140
148 179 74
148 181 534
148 182 112
148 184 564
148 185 470
148 186 54
148 187 349
148 188 277
148 194 792
148 195 182
148 196 864
148 197 514
148 198 674
148 202 289
148 205 570
148 206 342
148 208 706
149 150 626
149 154 915
149 156 763
149 162 992
149 163 287
149 165 535
149 167 655
149 168 784
149 171 941
149 172 551
149 180 986
149 181 572
149 194 654
149 202 923
149 205 850
150 151 250
150 152 854
150 155 412
150 156 419
150 159 670
150 161 321
150 163 760
150 164 926
150 166 611
150 169 327
150 170 198
150 172 426
150 173 141
150 175 977
150 177 717
150 188 565
150 190 348
150 191 836
150 192 349
150 193 258
150 195 763
150 201 707
150 206 1
150 210 664
151 153 502
151 154 473
151 157 736
151 158 890
151 162 90
151 163 949
151 170 974
151 172 124
151 173 359
151 176 625
151 180 967
151 190 291
151 202 577
151 203 912
151 204 586
151 207 413
151 208 755
151 210 277
152 154 844
152 167 233
152 170 488
152 172 222
152 173 773
152 174 527
152 176 903
152 177 102
152 179 218
152 182 637
152 186 955
152 187 804
152 188 400
152 189 502
152 190 728
152 198 230
152 200 64
152 201 561
152 202 294
152 203 773
152 206 325
153 154 154
153 158 249
153 160 241
153 162 513
153 173 912
153 177 458
153 179 401
153 180 506
153 181 64
153 182 500
153 189 690
153 191 518
153 192 160
153 194 924
153 198 130
153 200 477
153 206 728
154 157 630
154 160 891
154 163 493
154 169 736
154 177 779
154 178 177
154 185 148
154 186 363
154 192 993
154 193 164
154 195 988
154 196 654
154 201 384
154 202 88
154 206 957
154 207 304
154 208 704
154 210 802
155 159 349
155 161 418
155 163 167
155 173 193
155 176 105
155 177 77
155 178 103
155 181 66
155 183 729
155 185 867
155 186 46
155 191 610
155 192 472
155 197 539
155 198 60
155 200 344
155 201 610
155 209 871
156 159 962
156 174 786
156 175 996
156 177 423
156 192 438
156 196 828
156 199 921
156 200 411
156 202 687
156 203 278
156 205 546
156 206 323
156 207 795
156 210 754
157 159 998
157 160 690
157 161 817
157 167 33
157 168 744
157 178 324
157 184 467
157 191 181
157 193 646
157 194 478
157 195 165
157 196 734
157 204 2
157 209 302
157 210 866
158 164 274
158 168 71
158 169 517
158 172 909
158 177 289
158 179 473
158 180 637
158 182 349
158 185 477
158 188 598
158 189 218
158 190 66
158 193 30
158 196 708
158 197 127
158 201 547
158 203 52
158 205 403
158 206 346
158 210 412
159 160 945
159 164 435
159 168 382
159 169 256
159 175 374
159 177 180
159 180 536
159 185 100
159 189 397
159 192 271
159 201 74
159 210 812
160 162 704
160 164 5
160 165 134
160 169 730
160 170 903
160 171 381
160 174 317
160 175 195
160 178 385
160 181 322
160 182 163
160 183 138
160 185 683
160 189 876
160 193 550
160 197 949
160 204 562
160 205 802
160 206 747
160 207 979
161 163 841
161 165 142
161 166 678
161 169 806
161 175 257
161 176 350
161 181 955
161 184 828
161 188 237
161 189 628
161 191 593
161 196 67
161 197 382
161 200 554
161 201 766
161 203 545
161 204 343
161 209 953
162 163 745
162 166 851
162 167 486
162 169 875
162 173 799
162 176 418
162 178 670
162 190 161
162 194 868
162 196 664
162 208 223
163 167 618
163 169 881
163 171 891
163 181 622
163 184 41
163 185 68
163 191 599
163 197 95
163 199 201
163 206 93
163 208 294
164 165 907
164 172 53
164 173 676
164 181 159
164 185 599
164 187 534
164 188 513
164 191 17
164 203 435
164 209 694
165 167 413
165 170 207
165 176 255
165 188 836
165 191 682
165 192 392
165 196 766
165 199 712
165 200 234
165 201 271
165 202 708
165 203 424
166 169 430
166 173 559
166 174 222
166 184 886
166 185 56
166 188 833
166 192 126
166 195 338
166 196 943
166 204 702
166 205 226
166 207 793
166 209 339
167 172 328
167 176 264
167 179 659
167 184 164
167 186 274
167 188 484
167 189 767
167 192 618
167 194 731
167 195 198
167 196 181
167 202 525
167 210 861
168 175 552
168 177 528
168 178 641
168 180 484
168 184 298
168 188 320
168 190 69
168 191 564
168 192 794
168 206 997
168 209 874
169 185 80
169 186 634
169 187 577
169 190 425
169 194 530
169 196 603
169 202 509
169 206 266
169 207 1000
169 209 166
170 172 123
170 179 737
170 184 143
170 190 304
170 191 384
170 193 168
170 201 338
170 206 577
170 208 664
171 185 681
171 195 806
171 206 60
171 207 707
171 208 100
172 177 950
172 179 993
172 181 406
172 184 699
172 186 81
172 190 851
172 194 200
172 195 9
172 196 586
172 197 913
172 203 435
172 208 678
172 209 848
173 176 275
173 179 724
173 180 695
173 181 290
173 183 671
173 186 479
173 192 971
173 193 946
173 195 820
173 196 99
173 198 280
173 200 544
173 201 988
173 204 502
173 206 885
173 208 448
173 209 285
174 175 65
174 180 251
174 184 935
174 190 201
174 192 776
174 195 961
174 202 270
175 177 7
175 178 428
175 182 641
175 185 661
175 186 817
175 190 701
175 197 519
175 202 988
175 207 903
175 210 595
176 178 155
176 179 421
176 183 9
176 184 985
176 186 967
176 192 234
176 198 850
176 199 394
176 207 890
176 208 608
177 180 470
177 184 614
177 185 419
177 190 929
177 191 720
177 193 55
177 196 970
177 200 450
177 202 222
177 205 474
177 206 328
177 207 285
177 210 148
178 179 273
178 183 436
178 184 453
178 185 968
178 192 662
178 194 34
178 196 35
178 198 82
178 201 130
178 205 670
178 207 676
178 209 469
179 180 936
179 181 188
179 182 569
179 187 912
179 194 513
179 202 430
179 207 595
179 208 787
179 209 412
179 210 348
180 183 894
180 185 319
180 189 380
180 190 301
180 193 559
180 194 179
180 198 43
180 202 604
180 206 877
180 207 693
180 208 303
181 182 836
181 183 235
181 188 720
181 192 86
181 194 664
181 196 747
181 200 530
181 201 588
181 202 979
181 203 682
181 204 415
181 205 301
181 209 485
181 210 801
182 190 432
182 193 753
182 194 107
182 197 741
182 204 955
182 208 841
182 210 959
183 184 913
183 185 221
183 186 121
183 189 175
183 195 516
183 196 335
183 202 670
184 185 598
184 189 490
184 190 156
184 192 172
184 199 490
184 200 547
184 203 618
184 204 733
185 187 48
185 194 560
185 202 699
185 203 713
185 205 854
185 210 217
186 188 525
186 190 997
186 193 770
186 194 905
186 195 896
186 197 385
187 188 580
187 189 77
187 191 308
187 195 6
187 201 479
187 206 594
187 210 630
188 191 308
188 194 576
188 202 43
188 203 405
188 204 335
188 210 102
189 190 629
189 200 709
189 201 223
189 203 898
189 206 879
189 207 546
190 191 761
190 192 176
190 197 844
190 198 207
190 200 139
190 201 112
190 203 853
190 204 578
190 205 772
190 206 156
190 207 698
190 208 268
191 192 363
191 194 942
191 196 947
191 197 703
191 202 78
191 204 257
192 198 231
192 199 815
192 202 424
192 208 809
193 194 887
193 198 102
193 201 528
193 202 931
193 204 106
193 205 157
193 206 760
193 207 169
194 195 581
194 205 390
194 208 508
194 210 397
195 204 388
195 205 224
195 210 973
196 197 166
196 199 204
196 200 379
196 203 385
196 204 505
197 205 417
197 206 796
197 207 992
198 199 369
198 201 191
198 204 651
198 209 801
199 200 118
199 201 245
199 202 37
199 209 648
199 210 418
200 203 662
200 207 441
200 208 948
200 209 800
201 204 96
201 205 752
201 207 845
202 210 161
204 207 116
204 210 48
207 208 368
