145 7271
1 2 891
1 3 162
1 4 807
1 5 654
1 6 168
1 7 200
1 11 753
1 14 79
1 15 388
1 16 109
1 19 968
1 21 929
1 22 974
1 26 153
1 27 801
1 28 713
1 29 659
1 31 428
1 32 52
1 34 229
1 35 772
1 38 972
1 40 510
1 41 418
1 42 695
1 43 586
1 44 581
1 46 845
1 49 444
1 50 9
1 51 443
1 54 220
1 55 446
1 57 307
1 58 445
1 59 196
1 60 444
1 61 644
1 62 363
1 63 240
1 65 75
1 66 901
1 67 474
1 69 168
1 70 294
1 72 571
1 73 102
1 74 704
1 75 46
1 76 54
1 77 822
1 78 53
1 79 397
1 80 438
1 82 554
1 83 116
1 84 154
1 85 375
1 88 556
1 89 738
1 90 587
1 91 271
1 92 200
1 93 651
1 94 379
1 97 270
1 98 249
1 101 572
1 102 280
1 103 853
1 105 420
1 106 991
1 107 445
1 108 98
1 109 163
1 112 741
1 113 898
1 114 893
1 115 578
1 117 21
1 120 15
1 122 226
1 124 834
1 126 455
1 127 325
1 128 235
1 130 180
1 131 462
1 132 328
1 133 654
1 134 78
1 135 703
1 136 551
1 138 605
1 139 985
1 140 86
1 142 486
1 145 246
2 6 505
2 7 232
2 10 918
2 11 997
2 12 72
2 13 21
2 14 856
2 15 709
2 17 825
2 18 221
2 19 666
2 20 240
2 22 829
2 23 942
2 25 527
2 26 852
2 27 302
2 28 313
2 29 980
2 30 72
2 32 860
2 33 924
2 36 335
2 37 977
2 38 900
2 39 199
2 41 623
2 42 216
2 43 945
2 45 429
2 46 204
2 47 162
2 48 295
2 50 809
2 51 616
2 54 271
2 55 438
2 56 108
2 57 647
2 58 525
2 59 316
2 66 863
2 67 196
2 70 293
2 71 554
2 73 628
2 74 151
2 75 204
2 76 923
2 77 466
2 78 447
2 80 352
2 81 274
2 83 135
2 84 247
2 85 827
2 87 238
2 88 526
2 90 799
2 91 868
2 92 370
2 93 857
2 94 189
2 95 37
2 96 158
2 97 894
2 98 761
2 99 497
2 100 329
2 101 582
2 104 107
2 107 944
2 111 272
2 113 111
2 114 280
2 116 470
2 118 246
2 120 135
2 123 263
2 124 155
2 125 591
2 127 741
2 128 803
2 129 626
2 130 787
2 131 412
2 132 613
2 133 989
2 134 191
2 135 562
2 136 979
2 137 384
2 138 688
2 140 862
2 141 480
2 142 617
2 143 16
2 144 594
2 145 793
3 4 264
3 5 659
3 7 472
3 8 738
3 9 424
3 10 463
3 12 185
3 13 959
3 14 846
3 15 2
3 16 527
3 17 355
3 18 945
3 19 696
3 20 754
3 22 276
3 23 556
3 24 224
3 25 458
3 26 539
3 27 54
3 28 823
3 29 189
3 30 910
3 31 181
3 32 5
3 33 86
3 34 184
3 35 93
3 36 938
3 37 55
3 38 391
3 39 216
3 40 305
3 41 324
3 42 751
3 43 246
3 44 876
3 45 819
3 46 238
3 47 722
3 50 568
3 51 525
3 54 250
3 55 107
3 56 412
3 57 605
3 58 301
3 59 122
3 60 219
3 61 959
3 64 901
3 66 605
3 67 391
3 68 495
3 69 674
3 71 908
3 72 40
3 73 172
3 74 437
3 77 783
3 79 4
3 80 751
3 81 795
3 82 747
3 83 409
3 85 577
3 87 456
3 88 646
3 89 947
3 92 862
3 94 77
3 95 140
3 96 896
3 97 687
3 98 658
3 99 728
3 100 7
3 101 891
3 104 706
3 105 526
3 106 538
3 107 941
3 108 367
3 109 923
3 110 421
3 111 71
3 112 679
3 113 396
3 114 726
3 116 240
3 118 631
3 119 311
3 120 175
3 121 726
3 122 217
3 123 720
3 125 665
3 126 613
3 127 340
3 128 600
3 130 106
3 134 533
3 135 752
3 137 561
3 140 699
3 141 653
3 142 244
3 143 646
3 144 3
3 145 549
4 7 364
4 8 239
4 9 681
4 10 55
4 11 909
4 12 748
4 13 752
4 14 414
4 15 626
4 17 613
4 19 954
4 20 252
4 22 876
4 24 295
4 25 205
4 28 100
4 29 880
4 30 256
4 31 380
4 32 231
4 34 415
4 38 968
4 40 945
4 41 597
4 42 984
4 43 283
4 44 944
4 48 693
4 50 978
4 51 365
4 52 622
4 54 8
4 55 89
4 56 14
4 57 642
4 59 487
4 61 801
4 62 950
4 63 115
4 64 888
4 65 898
4 67 105
4 68 898
4 69 680
4 71 1
4 72 171
4 73 979
4 75 1
4 78 72
4 79 338
4 80 945
4 81 4
4 83 688
4 84 616
4 85 252
4 86 905
4 88 560
4 90 958
4 92 635
4 93 687
4 94 796
4 95 318
4 96 634
4 97 410
4 98 199
4 100 782
4 101 144
4 102 353
4 103 350
4 104 128
4 106 447
4 107 197
4 108 27
4 109 525
4 110 471
4 113 107
4 114 241
4 115 293
4 116 159
4 117 769
4 119 561
4 120 449
4 122 188
4 123 276
4 124 376
4 125 197
4 126 733
4 128 783
4 131 40
4 132 242
4 134 851
4 135 799
4 136 743
4 138 514
4 139 388
4 140 386
4 142 453
4 143 591
4 144 998
4 145 576
5 10 442
5 12 433
5 13 919
5 14 327
5 16 430
5 17 796
5 18 933
5 19 604
5 20 994
5 22 640
5 23 721
5 24 850
5 25 456
5 26 356
5 28 18
5 29 806
5 31 708
5 32 10
5 33 942
5 34 261
5 35 803
5 36 49
5 37 329
5 38 438
5 40 504
5 42 647
5 43 977
5 44 960
5 45 914
5 47 311
5 48 590
5 49 969
5 51 243
5 53 546
5 54 39
5 55 22
5 57 1
5 58 756
5 59 876
5 60 752
5 62 313
5 63 941
5 64 181
5 65 857
5 67 149
5 69 95
5 71 890
5 72 174
5 76 941
5 77 666
5 78 401
5 79 304
5 81 242
5 82 51
5 83 972
5 84 842
5 86 334
5 87 534
5 89 937
5 93 200
5 94 446
5 96 847
5 99 212
5 100 89
5 101 506
5 102 576
5 104 261
5 105 852
5 106 301
5 107 829
5 108 834
5 109 1000
5 112 512
5 114 388
5 115 825
5 116 193
5 118 815
5 119 439
5 120 329
5 121 133
5 122 108
5 123 60
5 124 143
5 125 47
5 127 575
5 129 384
5 131 256
5 134 218
5 135 890
5 136 723
5 137 361
5 139 522
5 140 861
5 141 701
5 143 289
5 144 242
5 145 36
6 7 240
6 8 345
6 11 288
6 12 632
6 13 941
6 14 961
6 15 761
6 17 938
6 20 33
6 21 214
6 22 677
6 23 102
6 25 105
6 26 91
6 27 870
6 28 280
6 29 958
6 30 913
6 31 829
6 32 197
6 33 337
6 35 882
6 36 733
6 37 270
6 38 365
6 41 996
6 42 969
6 45 630
6 46 29
6 47 66
6 51 420
6 52 177
6 53 301
6 55 587
6 56 470
6 58 985
6 60 610
6 62 19
6 63 953
6 64 35
6 65 971
6 67 735
6 68 290
6 69 959
6 70 14
6 71 740
6 72 340
6 73 945
6 74 189
6 77 554
6 78 52
6 79 889
6 80 954
6 81 86
6 82 575
6 83 658
6 85 148
6 86 113
6 87 55
6 90 124
6 91 603
6 94 229
6 95 206
6 96 916
6 97 592
6 100 135
6 101 269
6 102 769
6 105 251
6 106 408
6 107 914
6 108 507
6 109 584
6 111 522
6 112 80
6 113 464
6 114 999
6 116 565
6 117 610
6 118 955
6 120 50
6 121 177
6 122 201
6 123 769
6 125 327
6 126 928
6 127 566
6 128 750
6 129 533
6 130 932
6 131 256
6 132 1000
6 133 961
6 134 412
6 135 453
6 137 79
6 143 676
6 144 91
7 8 174
7 9 470
7 10 233
7 11 799
7 12 289
7 14 769
7 15 640
7 17 785
7 18 252
7 23 300
7 24 556
7 25 548
7 26 681
7 28 955
7 29 70
7 30 682
7 31 787
7 32 709
7 33 680
7 34 438
7 35 137
7 36 319
7 38 978
7 40 302
7 41 299
7 42 335
7 43 121
7 45 42
7 47 892
7 50 992
7 51 740
7 53 100
7 54 513
7 56 547
7 57 312
7 59 921
7 60 150
7 61 627
7 63 639
7 64 95
7 65 941
7 67 49
7 68 706
7 69 585
7 71 497
7 73 560
7 74 824
7 76 785
7 77 393
7 79 41
7 80 124
7 81 166
7 82 734
7 83 599
7 84 346
7 85 747
7 86 517
7 87 782
7 88 971
7 89 562
7 90 709
7 91 99
7 93 750
7 94 419
7 95 232
7 96 317
7 97 371
7 98 134
7 100 671
7 101 919
7 103 522
7 104 775
7 105 312
7 107 722
7 108 20
7 110 934
7 111 904
7 112 659
7 113 457
7 115 713
7 116 137
7 117 49
7 118 827
7 119 604
7 120 306
7 121 434
7 122 318
7 126 242
7 127 849
7 128 975
7 129 720
7 130 572
7 132 55
7 134 897
7 136 320
7 138 51
7 140 269
7 141 13
7 143 511
7 144 72
8 9 524
8 10 820
8 13 821
8 15 553
8 16 671
8 17 535
8 18 199
8 19 11
8 20 513
8 22 275
8 23 764
8 24 682
8 26 326
8 27 601
8 29 464
8 30 90
8 31 129
8 32 842
8 33 533
8 34 863
8 36 742
8 38 41
8 39 545
8 40 18
8 41 942
8 43 489
8 45 729
8 46 638
8 47 552
8 49 34
8 50 951
8 51 575
8 52 294
8 53 692
8 54 673
8 55 959
8 57 896
8 59 402
8 61 408
8 62 206
8 63 491
8 64 528
8 65 675
8 67 248
8 68 719
8 69 952
8 70 113
8 71 775
8 72 598
8 73 393
8 74 161
8 75 354
8 77 40
8 79 360
8 80 580
8 81 64
8 83 623
8 84 59
8 85 863
8 86 594
8 87 507
8 88 556
8 89 738
8 90 268
8 92 1000
8 95 926
8 96 581
8 97 741
8 99 756
8 101 510
8 102 753
8 103 316
8 104 983
8 105 672
8 106 276
8 109 41
8 110 621
8 112 351
8 113 744
8 114 665
8 115 401
8 116 765
8 119 629
8 122 350
8 126 756
8 127 980
8 128 395
8 130 415
8 133 529
8 134 226
8 135 686
8 138 943
8 139 885
8 141 984
8 142 304
8 143 70
8 145 621
9 10 198
9 11 337
9 12 736
9 13 882
9 16 932
9 17 834
9 18 864
9 19 633
9 20 11
9 21 976
9 22 931
9 23 908
9 25 121
9 27 223
9 28 944
9 29 701
9 30 963
9 32 26
9 34 973
9 35 617
9 36 538
9 40 922
9 41 388
9 42 63
9 43 806
9 44 407
9 45 397
9 47 336
9 48 711
9 49 353
9 50 515
9 51 115
9 53 302
9 56 185
9 57 309
9 58 646
9 59 919
9 60 656
9 61 71
9 62 430
9 63 925
9 65 598
9 66 266
9 67 924
9 69 222
9 70 19
9 72 628
9 73 607
9 74 276
9 75 476
9 76 875
9 77 842
9 78 85
9 79 592
9 82 84
9 83 614
9 86 750
9 87 496
9 89 471
9 90 977
9 91 969
9 93 731
9 95 58
9 96 498
9 97 53
9 99 192
9 100 742
9 101 660
9 103 463
9 107 248
9 108 173
9 112 185
9 113 428
9 114 20
9 115 173
9 116 112
9 117 549
9 118 594
9 119 921
9 120 703
9 122 224
9 124 328
9 125 561
9 126 276
9 127 772
9 130 259
9 131 8
9 133 1
9 134 912
9 135 421
9 136 417
9 138 982
9 139 721
9 141 880
9 142 121
9 143 264
9 144 720
9 145 592
10 11 752
10 12 538
10 13 120
10 14 969
10 15 980
10 17 908
10 18 57
10 19 62
10 20 339
10 22 917
10 24 949
10 26 574
10 27 34
10 29 402
10 30 525
10 31 28
10 32 267
10 33 760
10 34 211
10 35 534
10 36 193
10 38 47
10 39 167
10 41 75
10 42 810
10 43 479
10 44 575
10 45 96
10 46 416
10 48 269
10 49 729
10 50 545
10 52 4
10 53 569
10 55 444
10 56 718
10 57 815
10 58 488
10 59 42
10 60 472
10 62 376
10 63 930
10 64 231
10 66 674
10 67 630
10 68 348
10 70 815
10 71 212
10 72 87
10 73 183
10 74 367
10 75 302
10 77 865
10 78 399
10 80 204
10 81 538
10 82 245
10 83 227
10 85 387
10 86 195
10 88 364
10 89 871
10 90 894
10 91 191
10 93 700
10 95 716
10 96 85
10 98 509
10 100 274
10 101 491
10 105 709
10 106 790
10 107 616
10 108 581
10 109 678
10 112 751
10 114 896
10 116 325
10 117 842
10 121 139
10 122 838
10 123 40
10 124 271
10 125 502
10 127 848
10 128 622
10 129 880
10 131 94
10 132 129
10 134 859
10 135 487
10 136 23
10 137 551
10 138 61
10 139 398
10 140 567
10 141 494
10 142 555
10 145 712
11 13 710
11 14 114
11 16 861
11 17 31
11 20 806
11 21 941
11 22 704
11 23 885
11 24 976
11 25 997
11 26 272
11 28 656
11 29 159
11 30 395
11 31 816
11 32 983
11 33 875
11 34 257
11 35 338
11 37 719
11 38 730
11 39 981
11 42 400
11 43 177
11 44 553
11 45 289
11 46 981
11 47 966
11 48 542
11 51 50
11 53 166
11 54 897
11 55 3
11 56 423
11 58 780
11 60 880
11 61 649
11 62 883
11 64 65
11 66 533
11 67 590
11 68 520
11 71 426
11 72 633
11 74 984
11 75 967
11 76 990
11 78 882
11 79 797
11 80 562
11 81 32
11 83 560
11 85 314
11 88 294
11 89 651
11 90 948
11 92 911
11 93 288
11 94 637
11 95 24
11 96 604
11 97 713
11 98 880
11 100 179
11 101 705
11 102 834
11 103 975
11 104 827
11 106 829
11 107 281
11 109 489
11 110 604
11 111 718
11 113 553
11 114 619
11 115 766
11 118 4
11 119 47
11 121 45
11 123 229
11 124 937
11 125 185
11 126 411
11 128 78
11 129 998
11 132 256
11 133 694
11 134 137
11 136 883
11 137 949
11 138 567
11 140 165
11 142 668
11 143 486
12 16 424
12 18 86
12 19 925
12 21 841
12 22 784
12 23 273
12 24 711
12 25 923
12 26 552
12 27 243
12 29 944
12 31 99
12 34 852
12 35 976
12 37 305
12 39 579
12 40 792
12 41 683
12 43 255
12 45 760
12 46 151
12 47 629
12 48 46
12 50 83
12 52 379
12 53 164
12 54 230
12 55 927
12 56 726
12 57 681
12 58 855
12 59 440
12 60 476
12 61 139
12 62 519
12 63 19
12 64 307
12 65 715
12 67 413
12 68 731
12 69 11
12 70 557
12 71 606
12 74 936
12 75 294
12 80 427
12 81 812
12 82 453
12 83 600
12 84 294
12 85 713
12 87 363
12 89 145
12 90 825
12 91 529
12 92 757
12 93 943
12 94 103
12 95 659
12 96 965
12 97 163
12 98 147
12 101 568
12 102 467
12 103 549
12 104 278
12 105 485
12 106 277
12 107 107
12 108 456
12 109 587
12 110 515
12 111 153
12 112 284
12 113 228
12 114 344
12 115 910
12 116 56
12 117 14
12 118 433
12 119 190
12 120 16
12 121 291
12 123 478
12 124 912
12 125 317
12 127 318
12 128 928
12 129 987
12 130 245
12 131 294
12 132 27
12 133 660
12 135 818
12 136 794
12 137 568
12 138 1000
12 139 142
12 141 123
12 142 363
12 144 258
13 15 727
13 16 680
13 17 290
13 18 188
13 19 221
13 20 101
13 22 241
13 24 395
13 26 808
13 28 35
13 29 784
13 30 584
13 31 355
13 33 412
13 34 120
13 35 86
13 36 372
13 37 440
13 38 753
13 39 825
13 42 174
13 43 819
13 45 413
13 47 473
13 48 247
13 49 535
13 50 817
13 53 603
13 54 16
13 55 67
13 56 271
13 57 706
13 58 490
13 59 318
13 60 710
13 61 388
13 63 11
13 64 752
13 65 183
13 67 947
13 68 872
13 69 627
13 70 864
13 71 488
13 72 288
13 74 445
13 75 722
13 77 893
13 78 813
13 79 832
13 80 254
13 81 174
13 82 430
13 83 817
13 84 616
13 85 481
13 86 899
13 87 884
13 88 832
13 90 894
13 92 125
13 93 376
13 94 497
13 95 138
13 97 43
13 98 932
13 99 865
13 102 564
13 103 944
13 104 253
13 105 496
13 106 504
13 108 50
13 109 879
13 110 386
13 112 102
13 113 663
13 114 999
13 116 150
13 117 860
13 118 958
13 119 197
13 120 539
13 121 266
13 122 385
13 123 206
13 125 883
13 126 214
13 127 961
13 128 49
13 130 487
13 132 815
13 133 208
13 134 290
13 135 638
13 136 982
13 137 288
13 139 464
13 141 358
13 143 488
13 144 54
13 145 370
14 15 948
14 16 643
14 17 406
14 19 609
14 21 551
14 22 675
14 23 532
14 25 324
14 27 382
14 28 185
14 29 335
14 30 751
14 32 308
14 34 428
14 36 509
14 37 660
14 38 524
14 41 641
14 42 953
14 44 574
14 45 121
14 49 615
14 50 397
14 51 72
14 52 858
14 53 748
14 54 63
14 55 498
14 57 768
14 58 165
14 59 368
14 61 793
14 64 399
14 66 504
14 68 547
14 69 571
14 72 693
14 73 230
14 74 735
14 76 107
14 78 969
14 79 333
14 80 594
14 82 839
14 83 529
14 84 889
14 85 26
14 86 506
14 88 136
14 89 759
14 90 187
14 92 404
14 94 205
14 95 963
14 96 825
14 98 89
14 99 976
14 100 705
14 101 369
14 103 142
14 104 376
14 105 348
14 107 250
14 108 76
14 109 837
14 110 770
14 111 362
14 112 598
14 115 436
14 116 526
14 117 743
14 118 79
14 120 557
14 121 466
14 123 759
14 125 209
14 126 96
14 127 101
14 128 255
14 129 379
14 131 745
14 132 794
14 133 671
14 134 830
14 136 194
14 138 236
14 139 140
14 140 612
14 142 553
14 143 186
14 144 340
14 145 743
15 16 870
15 17 113
15 19 287
15 20 895
15 21 803
15 22 739
15 26 489
15 28 104
15 29 307
15 30 105
15 34 169
15 35 271
15 36 252
15 37 576
15 39 907
15 40 345
15 41 311
15 44 360
15 45 955
15 48 848
15 51 10
15 53 252
15 54 686
15 55 584
15 56 625
15 57 199
15 59 972
15 60 777
15 61 873
15 62 868
15 63 141
15 64 941
15 65 73
15 66 326
15 68 765
15 70 429
15 71 376
15 72 943
15 74 136
15 75 668
15 76 78
15 77 404
15 79 741
15 80 39
15 81 795
15 82 196
15 83 193
15 85 354
15 86 659
15 87 469
15 88 102
15 91 630
15 92 146
15 93 635
15 94 89
15 95 136
15 97 290
15 98 591
15 99 843
15 100 468
15 103 70
15 105 970
15 106 910
15 107 15
15 108 493
15 109 39
15 110 355
15 111 205
15 113 658
15 114 751
15 117 827
15 118 431
15 120 966
15 127 847
15 128 805
15 130 337
15 132 938
15 133 86
15 134 385
15 135 8
15 136 861
15 137 722
15 139 765
15 141 579
15 142 273
15 143 336
16 18 167
16 19 417
16 20 462
16 21 170
16 22 488
16 23 164
16 24 607
16 25 648
16 26 963
16 27 959
16 28 5
16 29 274
16 31 685
16 34 318
16 35 679
16 36 855
16 38 282
16 39 115
16 41 528
16 42 784
16 43 59
16 46 465
16 48 432
16 49 762
16 50 104
16 51 364
16 52 28
16 54 471
16 55 774
16 56 259
16 57 212
16 59 904
16 60 462
16 65 387
16 66 394
16 67 905
16 68 623
16 69 147
16 71 967
16 72 654
16 73 829
16 75 265
16 77 371
16 78 824
16 79 440
16 81 721
16 82 102
16 84 125
16 85 765
16 87 692
16 88 889
16 89 908
16 90 714
16 93 838
16 95 997
16 96 166
16 97 436
16 98 860
16 99 443
16 100 44
16 102 531
16 103 792
16 104 82
16 105 972
16 106 504
16 107 200
16 108 567
16 109 126
16 110 538
16 112 566
16 114 716
16 116 556
16 118 926
16 120 146
16 122 232
16 123 524
16 124 669
16 125 675
16 126 448
16 127 425
16 128 435
16 129 336
16 132 495
16 133 441
16 134 577
16 135 218
16 137 248
16 138 888
16 139 745
16 140 480
16 143 937
16 144 166
16 145 218
17 21 41
17 22 535
17 23 189
17 24 772
17 25 673
17 27 649
17 28 724
17 29 834
17 32 24
17 34 358
17 36 27
17 37 188
17 38 17
17 39 188
17 40 671
17 41 377
17 43 52
17 45 919
17 46 848
17 47 652
17 48 304
17 49 185
17 50 582
17 51 141
17 53 472
17 55 215
17 56 386
17 57 470
17 58 773
17 59 644
17 60 183
17 61 381
17 62 189
17 64 415
17 65 858
17 66 992
17 67 577
17 68 949
17 71 272
17 72 704
17 73 248
17 74 377
17 76 200
17 77 689
17 78 43
17 80 517
17 82 980
17 83 109
17 84 335
17 85 154
17 89 245
17 92 270
17 95 891
17 96 907
17 97 112
17 99 67
17 100 127
17 101 986
17 104 952
17 105 376
17 107 122
17 110 654
17 111 435
17 112 654
17 113 38
17 117 691
17 118 732
17 119 831
17 120 867
17 121 737
17 122 575
17 125 288
17 126 987
17 127 670
17 128 375
17 130 542
17 133 439
17 134 880
17 136 816
17 138 726
17 139 986
17 140 145
17 141 928
17 144 915
17 145 566
18 19 593
18 22 638
18 23 330
18 24 235
18 26 497
18 27 856
18 30 493
18 31 342
18 32 63
18 33 23
18 34 146
18 35 296
18 37 859
18 39 111
18 40 448
18 43 583
18 45 827
18 46 86
18 47 407
18 48 222
18 49 431
18 51 198
18 53 648
18 55 334
18 56 360
18 57 911
18 58 739
18 59 125
18 61 514
18 63 49
18 64 625
18 65 127
18 68 568
18 69 221
18 70 952
18 71 759
18 73 546
18 74 155
18 77 762
18 80 302
18 81 295
18 82 681
18 83 797
18 84 385
18 87 364
18 88 318
18 89 118
18 90 156
18 91 604
18 92 52
18 93 369
18 95 565
18 96 768
18 97 544
18 98 238
18 99 714
18 100 43
18 101 122
18 102 859
18 103 71
18 104 39
18 105 332
18 107 660
18 110 735
18 111 276
18 114 791
18 115 597
18 116 184
18 118 520
18 119 759
18 120 684
18 121 639
18 122 703
18 123 21
18 125 405
18 126 177
18 127 767
18 128 238
18 130 150
18 132 71
18 133 7
18 135 811
18 137 838
18 138 800
18 139 479
18 140 418
18 142 394
18 144 733
19 20 489
19 22 470
19 23 425
19 26 207
19 28 165
19 30 587
19 31 374
19 32 139
19 34 197
19 37 780
19 39 371
19 40 253
19 42 417
19 43 526
19 44 729
19 45 725
19 47 77
19 48 689
19 49 921
19 51 788
19 52 942
19 54 620
19 56 86
19 57 129
19 58 68
19 59 265
19 60 417
19 62 106
19 64 367
19 65 10
19 68 846
19 69 351
19 71 372
19 72 854
19 75 979
19 76 49
19 77 773
19 78 660
19 79 166
19 80 957
19 81 142
19 82 581
19 83 854
19 84 10
19 86 889
19 87 703
19 88 663
19 89 413
19 90 857
19 91 761
19 94 417
19 95 116
19 96 582
19 97 130
19 98 340
19 99 844
19 100 422
19 102 687
19 104 768
19 105 751
19 107 268
19 109 502
19 110 255
19 111 740
19 112 480
19 113 820
19 114 451
19 115 168
19 116 18
19 119 35
19 120 478
19 121 261
19 123 956
19 124 472
19 125 663
19 126 943
19 127 76
19 128 10
19 130 293
19 131 997
19 132 41
19 134 478
19 135 661
19 136 315
19 139 993
19 140 300
19 142 833
19 144 371
20 21 427
20 22 648
20 24 740
20 25 965
20 26 296
20 28 869
20 29 549
20 30 998
20 31 267
20 32 289
20 33 954
20 35 367
20 36 161
20 37 94
20 38 98
20 39 34
20 40 843
20 42 917
20 43 40
20 44 22
20 45 343
20 46 759
20 47 166
20 49 997
20 50 305
20 51 695
20 52 219
20 54 584
20 55 339
20 56 862
20 57 42
20 58 378
20 62 884
20 63 245
20 64 292
20 65 375
20 66 343
20 67 676
20 68 836
20 69 296
20 70 901
20 71 405
20 72 136
20 75 823
20 76 13
20 77 979
20 78 158
20 80 891
20 81 583
20 82 392
20 85 972
20 87 596
20 90 218
20 93 337
20 98 795
20 99 811
20 100 864
20 102 184
20 103 177
20 104 233
20 105 557
20 106 787
20 108 344
20 111 686
20 112 209
20 113 900
20 114 473
20 116 37
20 117 852
20 119 94
20 120 646
20 121 728
20 122 88
20 123 667
20 124 2
20 126 318
20 128 167
20 129 639
20 132 333
20 133 296
20 134 446
20 135 318
20 137 482
20 138 41
20 139 27
20 140 930
20 142 334
20 143 820
20 144 445
20 145 78
21 23 872
21 25 643
21 27 956
21 29 510
21 31 648
21 32 750
21 33 972
21 34 781
21 36 163
21 37 628
21 38 8
21 39 639
21 40 179
21 41 802
21 44 19
21 45 341
21 48 532
21 49 79
21 50 521
21 52 702
21 54 320
21 55 315
21 56 238
21 57 761
21 58 224
21 60 152
21 61 556
21 63 206
21 64 634
21 65 475
21 67 551
21 69 786
21 71 75
21 72 920
21 73 278
21 74 475
21 75 111
21 76 60
21 77 255
21 78 775
21 79 162
21 80 70
21 81 325
21 82 570
21 83 980
21 84 548
21 86 181
21 87 364
21 90 924
21 91 20
21 92 785
21 93 875
21 94 331
21 95 86
21 97 521
21 99 766
21 103 561
21 104 308
21 106 454
21 107 473
21 108 352
21 110 16
21 111 607
21 114 716
21 115 729
21 116 70
21 119 803
21 120 588
21 121 164
21 122 704
21 123 390
21 124 381
21 125 835
21 127 161
21 128 602
21 131 630
21 132 790
21 134 25
21 135 958
21 136 315
21 137 906
21 138 589
21 139 907
21 144 903
22 23 372
22 24 333
22 25 219
22 26 815
22 27 481
22 28 480
22 31 857
22 32 246
22 34 313
22 36 712
22 37 207
22 39 145
22 41 883
22 43 778
22 44 466
22 45 358
22 46 845
22 47 483
22 48 383
22 51 130
22 54 45
22 55 15
22 58 252
22 59 652
22 61 767
22 62 466
22 64 810
22 65 851
22 66 42
22 67 56
22 68 949
22 69 283
22 70 927
22 71 476
22 73 669
22 76 12
22 77 14
22 78 908
22 79 110
22 80 741
22 82 969
22 83 320
22 86 324
22 87 541
22 88 522
22 90 458
22 91 909
22 92 374
22 93 400
22 97 274
22 98 790
22 101 513
22 102 838
22 103 266
22 107 654
22 108 672
22 109 77
22 110 818
22 111 527
22 113 541
22 114 164
22 115 649
22 116 132
22 117 157
22 118 732
22 121 282
22 122 261
22 123 516
22 124 772
22 125 322
22 127 600
22 128 155
22 131 748
22 132 891
22 134 437
22 135 904
22 136 953
22 137 552
22 139 219
22 142 588
22 144 193
23 24 992
23 25 685
23 29 654
23 30 165
23 31 94
23 34 401
23 35 205
23 36 974
23 39 303
23 40 821
23 42 358
23 43 302
23 44 157
23 45 422
23 47 189
23 49 175
23 50 928
23 51 118
23 52 462
23 55 556
23 56 918
23 58 620
23 59 606
23 61 547
23 63 676
23 65 143
23 66 940
23 67 508
23 68 738
23 69 176
23 70 898
23 71 239
23 72 875
23 74 372
23 76 760
23 77 192
23 78 494
23 79 906
23 80 283
23 85 817
23 86 990
23 87 203
23 89 476
23 90 743
23 92 872
23 95 528
23 96 984
23 97 969
23 98 339
23 99 963
23 100 705
23 102 120
23 103 180
23 104 189
23 105 905
23 106 705
23 107 802
23 108 485
23 109 313
23 111 644
23 113 759
23 114 874
23 115 829
23 117 509
23 118 924
23 119 172
23 120 27
23 122 809
23 124 3
23 125 761
23 127 785
23 129 332
23 130 326
23 131 295
23 132 432
23 135 390
23 136 788
23 137 546
23 138 376
23 139 874
23 140 72
23 142 805
23 143 293
23 144 684
23 145 895
24 27 162
24 28 623
24 29 393
24 30 848
24 31 686
24 32 960
24 33 62
24 34 70
24 36 893
24 37 126
24 38 826
24 39 585
24 41 120
24 42 616
24 43 711
24 44 883
24 45 62
24 50 400
24 54 380
24 55 915
24 56 634
24 58 965
24 59 990
24 61 714
24 62 210
24 63 200
24 65 51
24 67 306
24 68 316
24 69 357
24 70 280
24 72 412
24 73 49
24 74 990
24 76 673
24 77 394
24 78 505
24 79 115
24 80 446
24 84 310
24 85 440
24 86 411
24 87 400
24 88 134
24 90 804
24 91 976
24 92 78
24 93 632
24 94 194
24 95 862
24 96 793
24 97 618
24 99 368
24 100 734
24 101 624
24 103 531
24 104 542
24 105 197
24 106 211
24 107 758
24 108 125
24 109 362
24 112 808
24 113 996
24 115 99
24 121 675
24 122 756
24 123 124
24 124 27
24 125 976
24 126 620
24 127 776
24 128 92
24 130 674
24 131 352
24 132 971
24 137 167
24 138 877
24 140 289
24 142 302
24 145 473
25 26 608
25 27 276
25 28 753
25 29 935
25 30 333
25 31 513
25 32 29
25 34 449
25 35 828
25 36 45
25 37 520
25 38 913
25 39 84
25 41 103
25 43 479
25 44 937
25 47 17
25 48 390
25 49 160
25 51 685
25 52 976
25 53 12
25 58 344
25 59 12
25 60 382
25 61 61
25 62 388
25 64 187
25 66 460
25 67 679
25 68 322
25 69 850
25 70 133
25 71 436
25 73 482
25 75 727
25 76 275
25 77 39
25 78 982
25 80 60
25 84 825
25 86 187
25 88 506
25 90 790
25 91 623
25 92 3
25 93 442
25 94 336
25 95 321
25 96 212
25 97 433
25 98 291
25 99 794
25 100 590
25 101 770
25 102 703
25 103 941
25 104 105
25 105 280
25 109 507
25 110 972
25 111 268
25 113 563
25 115 31
25 116 162
25 117 28
25 118 65
25 119 598
25 120 208
25 121 84
25 123 462
25 124 231
25 125 669
25 126 702
25 129 494
25 130 181
25 131 139
25 132 920
25 138 985
25 139 454
25 140 984
25 142 242
25 143 821
25 144 168
25 145 235
26 29 605
26 30 295
26 31 550
26 32 351
26 33 43
26 34 952
26 35 219
26 36 334
26 38 360
26 39 312
26 40 145
26 42 35
26 43 39
26 44 707
26 46 106
26 47 891
26 48 899
26 51 548
26 52 492
26 53 123
26 54 730
26 55 52
26 56 434
26 57 167
26 58 113
26 59 919
26 61 187
26 62 600
26 63 952
26 64 861
26 66 451
26 67 408
26 68 407
26 69 995
26 70 465
26 75 393
26 76 286
26 77 487
26 79 349
26 80 239
26 82 737
26 83 667
26 84 677
26 85 752
26 86 526
26 89 676
26 91 844
26 93 423
26 95 415
26 98 724
26 99 786
26 100 170
26 101 459
26 102 777
26 105 205
26 108 221
26 109 683
26 110 950
26 113 332
26 115 536
26 116 175
26 119 124
26 120 412
26 121 546
26 122 950
26 123 156
26 124 578
26 126 175
26 127 527
26 128 281
26 129 579
26 130 85
26 132 408
26 133 388
26 136 425
26 138 806
26 139 783
26 140 101
26 142 246
26 143 430
26 144 4
26 145 870
27 28 362
27 29 372
27 30 533
27 31 336
27 32 688
27 33 449
27 35 629
27 37 592
27 40 181
27 41 238
27 42 863
27 44 79
27 46 715
27 48 599
27 50 359
27 51 139
27 53 346
27 54 97
27 56 229
27 57 34
27 58 727
27 59 875
27 60 173
27 61 370
27 63 380
27 64 66
27 67 314
27 71 592
27 72 999
27 73 372
27 75 724
27 76 655
27 77 458
27 79 614
27 80 393
27 82 34
27 86 626
27 87 291
27 88 499
27 90 849
27 91 114
27 93 9
27 94 3
27 96 697
27 98 774
27 99 409
27 100 922
27 102 372
27 103 705
27 104 335
27 105 80
27 106 497
27 107 787
27 108 452
27 109 85
27 110 810
27 111 456
27 113 723
27 115 109
27 117 304
27 120 798
27 123 867
27 124 509
27 125 837
27 127 68
27 128 455
27 130 817
27 133 457
27 134 962
27 136 804
27 137 738
27 138 938
27 139 569
27 140 849
27 141 472
27 142 941
27 143 816
27 144 743
28 29 633
28 31 917
28 32 853
28 33 671
28 34 15
28 35 215
28 39 52
28 41 649
28 42 738
28 43 556
28 44 312
28 47 237
28 49 286
28 50 292
28 51 514
28 52 171
28 54 496
28 55 667
28 56 372
28 57 647
28 61 831
28 63 920
28 65 315
28 67 168
28 69 261
28 71 362
28 72 797
28 73 555
28 74 914
28 75 920
28 77 186
28 78 216
28 79 279
28 80 105
28 81 109
28 82 863
28 85 955
28 86 493
28 87 177
28 88 830
28 89 236
28 90 240
28 92 491
28 94 218
28 97 671
28 98 722
28 103 166
28 104 352
28 105 805
28 106 991
28 107 12
28 108 647
28 109 170
28 110 706
28 111 679
28 112 797
28 114 862
28 117 310
28 118 495
28 122 944
28 124 640
28 125 594
28 127 961
28 129 303
28 130 430
28 131 170
28 132 604
28 133 461
28 134 934
28 135 451
28 136 923
28 137 41
28 138 184
28 139 954
28 140 768
28 141 438
28 144 455
28 145 42
29 32 742
29 33 837
29 34 55
29 35 457
29 37 335
29 39 703
29 44 417
29 45 611
29 46 238
29 47 831
29 48 782
29 51 64
29 52 279
29 53 324
29 55 301
29 57 897
29 58 600
29 59 117
29 60 391
29 62 858
29 64 988
29 66 916
29 67 139
29 68 124
29 69 779
29 70 653
29 71 285
29 72 4
29 75 144
29 76 116
29 77 815
29 78 143
29 79 668
29 80 112
29 81 937
29 82 363
29 83 571
29 84 786
29 86 24
29 87 52
29 90 737
29 92 794
29 93 438
29 94 97
29 95 124
29 97 473
29 98 900
29 99 12
29 104 15
29 106 495
29 107 345
29 108 366
29 109 236
29 111 716
29 112 582
29 113 107
29 114 916
29 115 651
29 116 211
29 118 572
29 120 481
29 121 603
29 122 415
29 123 926
29 125 650
29 126 785
29 127 137
29 128 99
29 129 651
29 130 656
29 133 910
29 136 556
29 137 251
29 138 284
29 140 408
29 141 234
29 142 908
29 143 39
29 144 585
29 145 953
30 31 19
30 32 82
30 35 68
30 37 980
30 38 748
30 39 993
30 40 591
30 42 348
30 43 914
30 44 624
30 45 697
30 46 890
30 49 1000
30 50 406
30 51 689
30 55 367
30 56 347
30 57 56
30 58 686
30 59 512
30 60 414
30 61 736
30 62 323
30 63 159
30 64 445
30 65 598
30 68 727
30 69 194
30 70 770
30 72 62
30 73 609
30 74 620
30 75 493
30 77 206
30 78 269
30 79 779
30 80 20
30 81 852
30 82 97
30 83 365
30 84 938
30 85 742
30 87 728
30 88 397
30 90 16
30 91 776
30 94 607
30 95 801
30 97 248
30 98 749
30 100 236
30 101 324
30 103 502
30 104 322
30 106 724
30 107 906
30 108 964
30 111 902
30 112 802
30 113 683
30 116 384
30 118 251
30 119 98
30 120 607
30 121 685
30 123 178
30 125 682
30 126 793
30 127 790
30 128 181
30 129 656
30 131 327
30 132 513
30 133 392
30 134 489
30 135 334
30 136 613
30 138 463
30 139 553
30 140 613
30 142 110
30 143 705
30 144 682
30 145 564
31 33 755
31 35 926
31 37 534
31 38 573
31 39 20
31 40 393
31 42 318
31 45 273
31 47 168
31 48 9
31 49 725
31 50 724
31 51 961
31 52 8
31 53 705
31 55 538
31 56 405
31 57 573
31 58 513
31 59 28
31 60 559
31 61 78
31 62 485
31 63 522
31 64 453
31 65 517
31 66 86
31 67 960
31 68 462
31 69 493
31 70 408
31 71 105
31 72 617
31 73 339
31 74 751
31 76 769
31 78 921
31 79 613
31 80 994
31 81 996
31 83 499
31 84 714
31 87 740
31 88 733
31 91 961
31 92 200
31 93 403
31 95 670
31 100 872
31 102 851
31 104 755
31 105 323
31 106 614
31 107 380
31 108 303
31 109 795
31 110 787
31 112 175
31 113 320
31 114 38
31 115 458
31 116 59
31 117 370
31 118 313
31 119 783
31 120 17
31 121 149
31 122 792
31 123 981
31 125 661
31 126 928
31 128 177
31 130 817
31 131 230
31 132 170
31 133 881
31 134 299
31 135 12
31 136 814
31 137 60
31 138 330
31 140 865
31 143 26
31 144 580
31 145 861
32 34 705
32 36 405
32 39 271
32 40 528
32 44 774
32 50 236
32 52 750
32 53 484
32 56 265
32 57 833
32 58 40
32 59 929
32 60 416
32 61 396
32 62 653
32 63 727
32 64 101
32 66 693
32 67 843
32 68 938
32 69 898
32 70 935
32 72 178
32 73 860
32 74 599
32 75 16
32 77 136
32 78 645
32 79 900
32 80 144
32 84 895
32 85 615
32 86 450
32 87 722
32 88 799
32 89 772
32 92 204
32 93 478
32 95 480
32 97 695
32 98 652
32 99 558
32 100 316
32 101 215
32 102 320
32 103 820
32 104 856
32 106 11
32 109 680
32 110 292
32 111 743
32 112 577
32 113 763
32 114 616
32 115 841
32 116 185
32 117 414
32 118 629
32 119 797
32 120 301
32 121 96
32 122 644
32 123 330
32 128 714
32 130 247
32 131 390
32 132 510
32 134 735
32 135 659
32 136 178
32 137 945
32 138 965
32 140 421
32 141 147
32 145 490
33 35 331
33 37 229
33 38 845
33 39 178
33 40 642
33 41 763
33 42 318
33 44 20
33 45 731
33 46 360
33 47 944
33 48 995
33 49 801
33 50 526
33 52 654
33 53 110
33 54 148
33 55 634
33 57 716
33 59 16
33 60 171
33 61 109
33 62 429
33 63 214
33 65 532
33 66 236
33 67 587
33 68 680
33 70 157
33 72 672
33 73 698
33 74 868
33 75 206
33 77 756
33 78 492
33 80 730
33 82 957
33 83 553
33 84 45
33 85 912
33 88 129
33 90 796
33 93 826
33 95 884
33 96 83
33 97 73
33 98 232
33 99 234
33 102 760
33 103 647
33 104 616
33 105 326
33 107 64
33 108 599
33 109 160
33 111 842
33 112 679
33 113 265
33 115 645
33 116 856
33 117 727
33 118 116
33 120 291
33 121 179
33 123 101
33 125 75
33 126 527
33 127 792
33 128 646
33 129 394
33 130 693
33 131 872
33 132 897
33 134 1000
33 135 746
33 136 495
33 137 109
33 138 182
33 139 656
33 141 492
33 142 508
33 144 855
33 145 592
34 36 124
34 37 697
34 40 405
34 41 132
34 42 320
34 43 975
34 44 339
34 45 457
34 46 201
34 47 60
34 48 858
34 49 379
34 51 711
34 52 548
34 53 526
34 54 163
34 55 669
34 56 658
34 57 30
34 59 502
34 60 104
34 61 663
34 63 272
34 64 406
34 65 257
34 66 663
34 67 286
34 68 672
34 69 845
34 70 977
34 71 521
34 72 473
34 74 947
34 75 590
34 78 596
34 79 841
34 80 15
34 81 806
34 82 207
34 84 7
34 87 152
34 89 28
34 90 206
34 91 357
34 92 450
34 94 6
34 95 896
34 96 700
34 98 125
34 102 886
34 103 577
34 104 34
34 106 661
34 107 5
34 108 376
34 109 386
34 110 595
34 112 108
34 113 282
34 114 627
34 115 645
34 117 807
34 118 436
34 120 718
34 121 607
34 122 774
34 124 401
34 125 495
34 126 312
34 128 904
34 129 220
34 130 630
34 131 305
34 133 962
34 134 470
34 135 679
34 136 773
34 137 865
34 140 229
34 141 772
34 142 24
34 143 813
34 144 921
35 37 672
35 38 295
35 41 772
35 45 105
35 46 56
35 49 503
35 50 146
35 51 343
35 52 864
35 53 903
35 55 965
35 56 370
35 58 7
35 60 676
35 62 105
35 63 323
35 64 520
35 65 945
35 67 999
35 68 543
35 69 632
35 70 277
35 73 137
35 75 935
35 78 3
35 79 336
35 80 157
35 81 878
35 82 579
35 83 117
35 84 143
35 85 443
35 86 531
35 87 239
35 90 730
35 92 525
35 94 644
35 95 467
35 96 585
35 100 712
35 104 855
35 105 444
35 106 751
35 107 696
35 108 54
35 109 947
35 110 553
35 112 404
35 114 375
35 115 135
35 116 245
35 117 102
35 118 939
35 120 983
35 121 854
35 122 486
35 124 395
35 125 123
35 126 643
35 127 793
35 128 726
35 131 159
35 132 265
35 133 236
35 134 431
35 135 912
35 136 527
35 137 555
35 139 253
35 141 112
35 142 629
36 38 550
36 39 843
36 41 466
36 42 235
36 43 476
36 45 526
36 46 548
36 47 36
36 48 48
36 50 639
36 51 543
36 52 689
36 54 922
36 55 708
36 56 437
36 57 667
36 58 279
36 60 967
36 61 39
36 62 809
36 65 622
36 66 418
36 68 460
36 69 869
36 70 258
36 73 231
36 74 138
36 75 344
36 76 316
36 79 617
36 81 502
36 82 12
36 83 862
36 84 487
36 85 811
36 86 839
36 87 209
36 88 285
36 89 651
36 90 571
36 91 627
36 93 324
36 94 219
36 95 694
36 98 2
36 99 125
36 100 787
36 101 854
36 103 79
36 104 498
36 105 158
36 106 764
36 107 506
36 108 231
36 109 414
36 110 911
36 111 1
36 112 716
36 116 546
36 117 427
36 118 14
36 119 366
36 120 829
36 121 41
36 123 347
36 124 562
36 125 697
36 126 203
36 130 799
36 131 226
36 135 531
36 136 276
36 137 218
36 138 193
36 141 549
36 143 719
36 144 470
36 145 620
37 38 103
37 39 312
37 40 104
37 42 724
37 43 356
37 44 711
37 45 943
37 46 302
37 47 779
37 50 556
37 51 331
37 52 633
37 53 960
37 55 811
37 56 974
37 57 843
37 58 12
37 60 685
37 61 330
37 62 920
37 64 218
37 65 199
37 67 973
37 68 129
37 70 433
37 71 482
37 72 728
37 74 675
37 77 205
37 78 60
37 79 339
37 81 604
37 82 559
37 83 516
37 87 604
37 88 340
37 89 163
37 90 928
37 91 591
37 93 950
37 94 634
37 95 55
37 96 386
37 97 509
37 98 313
37 100 43
37 101 557
37 102 276
37 105 941
37 107 536
37 108 148
37 110 336
37 111 50
37 112 257
37 113 817
37 114 706
37 115 906
37 117 374
37 119 52
37 121 169
37 122 682
37 123 738
37 124 398
37 125 253
37 126 579
37 129 721
37 130 622
37 131 786
37 133 368
37 134 407
37 135 837
37 137 940
37 138 837
37 139 204
37 140 267
37 141 617
38 40 542
38 42 718
38 43 770
38 45 732
38 46 545
38 48 138
38 51 979
38 52 215
38 53 279
38 55 274
38 57 601
38 58 908
38 59 406
38 60 908
38 62 767
38 63 30
38 64 496
38 66 288
38 67 637
38 69 738
38 70 645
38 71 466
38 72 895
38 73 285
38 75 738
38 76 127
38 78 404
38 79 454
38 80 406
38 81 714
38 82 861
38 83 844
38 84 998
38 87 945
38 88 747
38 89 174
38 90 526
38 91 547
38 92 766
38 93 267
38 94 428
38 95 121
38 96 620
38 97 226
38 98 93
38 99 543
38 100 455
38 103 653
38 105 914
38 106 138
38 107 238
38 108 748
38 109 22
38 110 418
38 111 945
38 112 306
38 113 711
38 114 925
38 115 495
38 116 239
38 117 411
38 118 110
38 120 813
38 121 691
38 122 770
38 123 446
38 124 70
38 127 439
38 128 395
38 129 797
38 130 666
38 131 301
38 133 142
38 134 431
38 136 524
38 139 943
38 140 373
38 141 650
38 142 365
38 144 108
38 145 1
39 40 954
39 41 257
39 42 294
39 43 65
39 44 754
39 48 566
39 49 270
39 52 520
39 53 295
39 54 598
39 55 263
39 56 843
39 57 854
39 58 188
39 61 709
39 62 971
39 63 496
39 65 362
39 66 564
39 67 179
39 69 366
39 71 809
39 72 458
39 73 694
39 74 240
39 77 337
39 79 70
39 82 83
39 83 153
39 84 800
39 85 371
39 86 50
39 87 55
39 88 990
39 91 727
39 92 204
39 93 593
39 94 49
39 96 348
39 97 123
39 98 478
39 100 345
39 101 910
39 102 837
39 103 73
39 104 240
39 105 840
39 108 284
39 110 582
39 111 18
39 113 780
39 114 470
39 116 536
39 117 158
39 118 563
39 119 9
39 121 401
39 122 716
39 125 440
39 127 804
39 128 422
39 132 822
39 133 188
39 134 903
39 135 13
39 137 116
39 138 94
39 140 176
39 141 625
39 142 60
39 143 538
40 42 469
40 43 745
40 44 383
40 47 115
40 48 392
40 49 278
40 51 69
40 52 130
40 55 941
40 56 693
40 57 455
40 61 188
40 62 262
40 63 742
40 64 637
40 66 142
40 67 543
40 68 287
40 70 121
40 71 385
40 72 36
40 73 661
40 74 350
40 75 517
40 77 976
40 79 51
40 81 549
40 82 143
40 83 75
40 84 476
40 85 760
40 87 635
40 88 836
40 89 419
40 92 466
40 93 864
40 94 543
40 95 81
40 97 663
40 99 835
40 102 662
40 103 546
40 104 802
40 105 143
40 106 308
40 111 483
40 112 221
40 113 197
40 114 703
40 115 894
40 116 560
40 117 514
40 119 248
40 123 162
40 124 583
40 125 895
40 126 398
40 127 899
40 128 609
40 132 815
40 133 601
40 136 426
40 138 251
40 139 602
40 140 666
40 141 355
40 142 728
40 143 761
40 144 454
41 43 578
41 44 431
41 45 834
41 46 728
41 47 670
41 48 409
41 50 389
41 51 832
41 52 926
41 53 799
41 54 579
41 55 926
41 56 315
41 57 540
41 58 622
41 59 369
41 62 207
41 63 34
41 64 400
41 67 775
41 68 42
41 69 708
41 70 463
41 71 648
41 72 600
41 73 832
41 76 898
41 77 384
41 79 759
41 81 59
41 82 619
41 83 372
41 84 469
41 85 957
41 86 853
41 88 871
41 90 447
41 91 424
41 92 123
41 94 430
41 96 918
41 97 678
41 98 413
41 99 662
41 101 355
41 102 952
41 103 200
41 107 132
41 108 63
41 110 964
41 111 553
41 112 538
41 113 751
41 114 750
41 115 827
41 116 759
41 117 195
41 118 14
41 119 586
41 121 200
41 122 965
41 123 104
41 124 260
41 126 579
41 127 970
41 128 302
41 129 675
41 132 197
41 133 815
41 134 86
41 138 743
41 141 618
41 142 180
41 143 161
41 144 906
42 43 655
42 45 98
42 46 506
42 49 501
42 50 270
42 52 678
42 53 501
42 57 590
42 58 963
42 59 595
42 60 359
42 61 999
42 62 426
42 64 519
42 66 860
42 67 984
42 70 312
42 72 488
42 73 304
42 74 772
42 75 846
42 77 976
42 78 530
42 79 827
42 80 117
42 85 634
42 86 724
42 87 619
42 88 754
42 89 347
42 92 713
42 94 867
42 95 765
42 96 818
42 97 132
42 102 720
42 103 967
42 104 987
42 105 841
42 106 729
42 108 573
42 109 495
42 110 695
42 112 353
42 118 116
42 119 581
42 120 413
42 121 728
42 122 713
42 124 224
42 125 120
42 126 184
42 127 831
42 128 34
42 130 494
42 131 36
42 132 807
42 133 577
42 134 883
42 135 828
42 136 675
42 137 620
42 138 639
42 139 599
42 140 371
42 141 370
42 142 312
42 143 428
42 145 221
43 44 462
43 46 488
43 48 832
43 49 500
43 50 560
43 52 8
43 55 579
43 56 784
43 57 860
43 58 733
43 59 56
43 60 290
43 62 884
43 63 906
43 64 168
43 66 545
43 67 55
43 68 869
43 69 814
43 71 32
43 72 162
43 73 686
43 74 5
43 75 418
43 76 351
43 77 681
43 80 758
43 82 826
43 85 312
43 86 597
43 87 475
43 89 160
43 91 542
43 93 326
43 98 399
43 99 277
43 103 587
43 105 219
43 106 739
43 109 934
43 110 571
43 111 182
43 112 180
43 113 535
43 114 177
43 119 836
43 120 982
43 121 323
43 122 937
43 123 645
43 124 69
43 125 929
43 126 723
43 127 422
43 128 264
43 129 424
43 130 879
43 131 690
43 132 841
43 134 439
43 136 585
43 137 231
43 139 591
43 140 791
43 141 119
43 142 950
43 144 495
43 145 785
44 45 463
44 46 494
44 47 802
44 48 350
44 49 718
44 50 630
44 52 265
44 53 832
44 54 843
44 58 297
44 59 715
44 62 542
44 63 839
44 64 133
44 66 318
44 68 646
44 69 852
44 70 282
44 76 853
44 77 121
44 79 502
44 80 758
44 81 209
44 83 620
44 84 72
44 86 590
44 88 474
44 89 873
44 91 867
44 93 604
44 94 364
44 95 1000
44 96 875
44 97 648
44 99 44
44 100 12
44 101 528
44 102 240
44 103 279
44 105 135
44 106 422
44 110 654
44 111 466
44 112 696
44 113 853
44 114 928
44 116 218
44 117 625
44 118 353
44 119 482
44 120 444
44 122 878
44 124 715
44 128 234
44 129 235
44 130 283
44 131 141
44 132 301
44 133 886
44 134 906
44 135 150
44 137 368
44 139 824
44 142 600
44 145 404
45 47 318
45 48 208
45 49 469
45 50 542
45 51 517
45 52 690
45 53 608
45 54 805
45 57 102
45 58 239
45 60 258
45 61 501
45 62 633
45 65 548
45 66 542
45 67 534
45 68 574
45 71 164
45 72 785
45 73 294
45 75 923
45 76 882
45 77 326
45 78 693
45 79 785
45 81 958
45 82 600
45 83 467
45 84 529
45 86 833
45 88 946
45 89 992
45 90 370
45 91 285
45 93 574
45 94 91
45 95 499
45 96 383
45 97 715
45 98 730
45 100 616
45 101 446
45 102 665
45 104 493
45 105 153
45 106 166
45 108 602
45 110 392
45 112 316
45 113 414
45 114 464
45 115 887
45 116 922
45 117 956
45 121 481
45 122 974
45 123 194
45 124 818
45 125 219
45 126 315
45 127 15
45 130 563
45 131 175
45 133 630
45 134 835
45 136 484
45 137 484
45 138 566
45 140 198
45 141 338
45 142 209
45 143 327
45 145 407
46 48 397
46 52 275
46 53 873
46 54 464
46 55 507
46 56 654
46 57 312
46 58 853
46 59 821
46 61 128
46 64 96
46 65 154
46 67 687
46 68 589
46 69 726
46 74 664
46 75 347
46 76 125
46 77 928
46 78 10
46 79 330
46 80 742
46 81 609
46 82 990
46 83 79
46 84 359
46 90 919
46 91 293
46 92 433
46 93 243
46 95 651
46 96 413
46 98 526
46 99 577
46 100 788
46 101 200
46 102 385
46 103 575
46 104 291
46 105 133
46 106 682
46 107 39
46 108 445
46 113 499
46 114 125
46 115 38
46 116 925
46 117 976
46 118 861
46 120 596
46 121 180
46 122 781
46 123 319
46 125 600
46 126 47
46 128 185
46 129 795
46 130 326
46 131 795
46 134 699
46 136 140
46 137 190
46 138 220
46 139 802
46 140 280
46 141 712
46 143 812
46 144 80
47 51 221
47 53 750
47 54 295
47 56 905
47 57 528
47 59 245
47 60 243
47 61 195
47 62 58
47 63 34
47 64 90
47 65 90
47 66 107
47 68 627
47 70 888
47 71 379
47 72 675
47 73 132
47 74 723
47 75 307
47 77 332
47 78 666
47 80 910
47 81 706
47 83 447
47 84 285
47 85 322
47 86 820
47 87 32
47 89 267
47 90 682
47 91 876
47 93 50
47 99 793
47 101 780
47 102 636
47 103 38
47 104 842
47 105 280
47 106 284
47 107 651
47 108 36
47 109 561
47 110 622
47 112 33
47 114 123
47 115 642
47 116 383
47 118 419
47 119 194
47 120 90
47 122 123
47 125 639
47 126 214
47 128 386
47 129 637
47 130 487
47 132 112
47 134 196
47 136 582
47 137 698
47 139 553
47 140 792
47 141 749
47 142 884
47 144 470
48 51 990
48 52 948
48 53 988
48 54 203
48 55 696
48 56 686
48 57 671
48 58 522
48 60 614
48 61 933
48 62 239
48 64 891
48 67 640
48 69 122
48 70 890
48 72 474
48 74 834
48 75 985
48 78 667
48 79 225
48 80 976
48 82 711
48 83 434
48 84 457
48 85 542
48 86 735
48 87 748
48 88 564
48 89 558
48 90 663
48 91 886
48 92 389
48 96 819
48 99 601
48 100 366
48 101 177
48 103 539
48 104 268
48 105 400
48 106 571
48 107 806
48 108 599
48 109 171
48 110 470
48 111 621
48 112 689
48 113 354
48 115 714
48 116 261
48 118 805
48 119 810
48 123 406
48 124 348
48 128 579
48 129 54
48 133 655
48 134 41
48 135 967
48 138 309
48 139 357
48 140 770
48 142 836
48 143 154
48 144 568
49 50 499
49 52 685
49 53 535
49 54 776
49 56 563
49 57 399
49 58 242
49 59 431
49 60 895
49 61 512
49 62 207
49 63 168
49 64 374
49 66 486
49 67 776
49 68 630
49 70 760
49 71 860
49 72 382
49 73 532
49 74 190
49 75 335
49 76 730
49 77 103
49 78 767
49 79 320
49 80 86
49 82 995
49 83 318
49 84 333
49 85 456
49 86 707
49 87 719
49 89 481
49 91 145
49 92 570
49 94 875
49 95 919
49 96 162
49 97 557
49 99 30
49 100 655
49 101 583
49 102 56
49 103 688
49 104 818
49 105 493
49 106 438
49 107 882
49 108 208
49 109 945
49 115 438
49 116 534
49 117 665
49 119 92
49 122 505
49 123 498
49 125 510
49 126 943
49 127 853
49 128 235
49 129 862
49 131 757
49 133 129
49 134 950
49 137 917
49 138 899
49 139 752
49 141 361
49 142 888
49 144 632
49 145 187
50 51 686
50 52 506
50 53 99
50 54 186
50 55 999
50 58 1
50 59 988
50 61 39
50 62 206
50 63 892
50 64 533
50 67 650
50 68 281
50 69 710
50 70 215
50 71 12
50 72 470
50 74 989
50 76 777
50 77 185
50 78 41
50 79 106
50 80 505
50 82 397
50 85 772
50 86 166
50 88 988
50 90 168
50 91 795
50 92 421
50 93 510
50 95 149
50 96 759
50 98 174
50 104 108
50 105 755
50 107 341
50 108 529
50 109 338
50 110 238
50 111 447
50 113 972
50 114 394
50 118 537
50 119 278
50 121 149
50 122 183
50 123 190
50 124 638
50 126 589
50 127 110
50 128 242
50 131 246
50 132 749
50 133 506
50 134 49
50 135 969
50 137 33
50 139 10
50 140 629
50 141 494
50 144 419
50 145 99
51 52 628
51 54 972
51 55 176
51 56 825
51 57 5
51 58 704
51 59 215
51 60 998
51 61 467
51 62 975
51 64 43
51 65 885
51 67 775
51 68 632
51 70 747
51 71 99
51 75 691
51 77 830
51 78 714
51 79 657
51 80 232
51 81 640
51 84 375
51 85 905
51 86 80
51 87 790
51 88 905
51 89 267
51 90 683
51 91 827
51 92 167
51 93 634
51 94 974
51 96 334
51 97 794
51 98 694
51 99 95
51 102 794
51 103 354
51 105 110
51 106 226
51 107 761
51 108 648
51 109 589
51 110 336
51 112 98
51 113 710
51 114 976
51 115 589
51 117 512
51 118 505
51 119 813
51 120 72
51 121 362
51 122 558
51 123 847
51 124 826
51 127 591
51 130 939
51 131 704
51 133 311
51 134 79
51 135 261
51 136 948
51 137 556
51 143 333
51 144 31
51 145 713
52 53 373
52 54 802
52 56 47
52 58 596
52 61 358
52 63 464
52 65 758
52 66 377
52 67 138
52 68 631
52 69 546
52 70 471
52 72 751
52 73 455
52 74 975
52 76 934
52 79 739
52 80 542
52 81 139
52 82 807
52 83 431
52 88 646
52 89 113
52 90 285
52 91 573
52 92 208
52 94 306
52 95 757
52 97 663
52 98 186
52 99 805
52 100 520
52 101 487
52 102 467
52 103 249
52 105 705
52 106 698
52 108 757
52 110 107
52 111 728
52 113 560
52 114 357
52 115 790
52 116 298
52 117 557
52 118 263
52 120 580
52 121 339
52 122 479
52 123 680
52 125 825
52 126 943
52 128 82
52 129 899
52 130 630
52 132 363
52 135 803
52 138 132
52 139 319
52 141 831
52 142 295
53 54 166
53 55 309
53 58 602
53 59 8
53 60 739
53 61 589
53 63 388
53 64 656
53 66 241
53 67 213
53 68 83
53 70 645
53 71 780
53 72 424
53 75 532
53 77 851
53 78 963
53 81 23
53 83 563
53 84 374
53 85 640
53 86 284
53 89 1000
53 92 104
53 93 604
53 94 117
53 95 940
53 96 378
53 97 579
53 99 807
53 100 566
53 101 95
53 103 455
53 104 651
53 105 112
53 106 83
53 108 891
53 110 325
53 111 360
53 113 390
53 114 433
53 115 731
53 117 33
53 118 562
53 120 274
53 121 569
53 122 507
53 123 201
53 124 599
53 127 123
53 128 549
53 132 885
53 135 169
53 136 781
53 138 532
53 141 681
53 142 576
53 144 531
53 145 456
54 55 309
54 56 787
54 57 290
54 58 219
54 59 588
54 62 997
54 63 394
54 66 88
54 68 422
54 69 99
54 70 214
54 71 223
54 72 915
54 73 652
54 74 880
54 75 481
54 76 519
54 78 558
54 79 403
54 80 58
54 81 726
54 82 550
54 83 358
54 84 849
54 85 289
54 86 84
54 88 596
54 89 806
54 90 830
54 91 535
54 92 259
54 93 465
54 95 874
54 97 792
54 98 215
54 99 389
54 100 494
54 101 349
54 103 80
54 104 892
54 105 167
54 106 660
54 108 492
54 110 720
54 111 721
54 112 337
54 113 32
54 114 959
54 115 756
54 117 273
54 118 419
54 119 82
54 120 334
54 121 675
54 124 953
54 125 848
54 126 638
54 127 749
54 128 267
54 129 222
54 130 813
54 133 695
54 134 49
54 138 305
54 139 470
54 141 55
54 142 670
54 143 846
54 144 839
54 145 751
55 56 98
55 57 46
55 58 413
55 59 212
55 60 665
55 62 132
55 63 898
55 64 876
55 65 412
55 67 826
55 68 880
55 70 883
55 72 400
55 74 761
55 75 455
55 79 756
55 80 340
55 82 646
55 83 932
55 85 391
55 86 992
55 87 133
55 88 723
55 89 893
55 90 336
55 91 131
55 93 904
55 94 942
55 95 370
55 96 321
55 98 77
55 99 669
55 101 334
55 103 583
55 104 175
55 105 647
55 106 974
55 108 424
55 109 273
55 111 766
55 112 508
55 113 921
55 114 334
55 117 641
55 118 528
55 119 957
55 120 250
55 121 156
55 122 937
55 123 878
55 124 284
55 125 458
55 127 51
55 128 181
55 130 557
55 131 271
55 132 848
55 133 145
55 134 903
55 135 956
55 136 700
55 138 186
55 139 454
55 140 940
55 141 884
55 142 155
55 143 539
55 144 690
55 145 443
56 57 641
56 58 220
56 59 947
56 60 855
56 61 526
56 62 351
56 64 595
56 68 834
56 72 739
56 73 247
56 74 849
56 75 940
56 76 66
56 77 179
56 79 406
56 80 789
56 82 995
56 83 838
56 84 136
56 86 958
56 87 291
56 88 650
56 89 732
56 90 166
56 91 190
56 92 760
56 93 877
56 94 523
56 95 523
56 96 799
56 97 868
56 99 952
56 102 760
56 103 765
56 105 922
56 110 421
56 112 808
56 113 882
56 114 383
56 115 167
56 117 978
56 118 765
56 120 558
56 121 224
56 122 174
56 123 576
56 125 235
56 126 856
56 129 216
56 131 731
56 132 190
56 134 358
56 135 822
56 136 307
56 137 434
56 138 841
56 142 218
56 144 223
56 145 368
57 58 454
57 59 314
57 61 941
57 62 151
57 63 288
57 65 384
57 66 995
57 67 104
57 68 748
57 70 828
57 71 851
57 72 162
57 75 93
57 76 463
57 77 420
57 78 484
57 80 131
57 82 234
57 83 322
57 85 177
57 86 995
57 87 804
57 89 48
57 92 213
57 93 718
57 94 545
57 95 158
57 96 925
57 97 521
57 99 918
57 100 539
57 101 79
57 103 639
57 105 657
57 108 578
57 109 429
57 111 344
57 112 908
57 113 628
57 114 597
57 117 124
57 118 805
57 119 296
57 120 2
57 122 655
57 123 216
57 124 884
57 126 662
57 127 862
57 129 345
57 130 994
57 134 871
57 135 594
57 136 106
57 138 955
57 139 707
57 141 890
57 142 121
57 144 779
58 59 710
58 60 577
58 63 547
58 65 955
58 66 4
58 67 789
58 69 973
58 70 630
58 72 975
58 73 656
58 74 2
58 77 191
58 78 156
58 79 258
58 80 46
58 81 471
58 82 615
58 85 61
58 87 398
58 89 402
58 90 677
58 92 123
58 93 624
58 94 260
58 97 569
58 98 498
58 99 490
58 100 713
58 101 231
58 105 941
58 106 133
58 109 797
58 110 850
58 112 65
58 113 590
58 114 529
58 116 522
58 117 292
58 119 375
58 120 302
58 123 428
58 124 601
58 125 139
58 126 635
58 127 939
58 128 261
58 129 876
58 130 544
58 132 934
58 136 898
58 138 391
58 139 862
58 140 898
58 141 697
58 142 100
58 143 213
58 145 818
59 60 302
59 61 339
59 62 445
59 63 808
59 64 889
59 66 917
59 67 506
59 68 538
59 69 343
59 70 594
59 71 621
59 72 805
59 74 289
59 75 233
59 76 926
59 77 959
59 79 220
59 80 544
59 81 689
59 82 927
59 83 381
59 84 165
59 86 842
59 87 676
59 88 548
59 89 469
59 93 118
59 95 435
59 97 33
59 98 610
59 100 720
59 103 935
59 104 442
59 107 644
59 109 345
59 111 973
59 113 742
59 114 449
59 116 304
59 119 354
59 121 32
59 122 242
59 123 479
59 124 273
59 125 148
59 126 903
59 128 540
59 129 699
59 130 367
59 131 489
59 133 781
59 134 478
59 135 826
59 136 981
59 137 68
59 138 17
59 139 916
59 140 781
59 142 357
59 143 719
59 144 876
59 145 600
60 61 233
60 62 3
60 63 677
60 64 326
60 66 860
60 67 426
60 68 105
60 69 465
60 70 9
60 71 710
60 72 650
60 74 982
60 75 814
60 80 18
60 81 703
60 84 140
60 85 77
60 90 715
60 91 32
60 93 124
60 95 626
60 96 674
60 101 388
60 102 533
60 103 819
60 104 121
60 106 413
60 107 593
60 109 688
60 111 853
60 112 522
60 113 264
60 114 538
60 116 430
60 117 266
60 118 955
60 119 964
60 120 97
60 122 212
60 123 250
60 125 922
60 126 207
60 127 753
60 128 881
60 130 108
60 131 942
60 134 217
60 135 452
60 136 738
60 137 301
60 138 3
60 139 293
60 140 695
60 142 662
60 143 480
60 144 676
61 62 152
61 63 642
61 64 647
61 65 483
61 66 316
61 67 421
61 68 926
61 70 454
61 71 625
61 72 683
61 73 894
61 74 44
61 75 144
61 79 791
61 81 629
61 82 221
61 83 458
61 84 39
61 85 716
61 86 822
61 87 222
61 89 59
61 90 221
61 91 144
61 92 813
61 97 545
61 98 301
61 99 424
61 100 343
61 102 181
61 103 483
61 104 716
61 107 847
61 108 592
61 110 950
61 111 401
61 112 652
61 113 721
61 114 982
61 117 626
61 119 834
61 122 775
61 123 925
61 124 607
61 125 931
61 127 281
61 129 942
61 131 832
61 132 125
61 134 57
61 135 406
61 136 967
61 137 937
61 138 79
61 139 99
61 142 613
61 145 737
62 63 197
62 65 952
62 69 228
62 70 445
62 71 798
62 75 83
62 76 754
62 77 54
62 78 623
62 79 704
62 84 851
62 85 570
62 86 932
62 88 910
62 94 4
62 95 980
62 97 117
62 101 821
62 102 479
62 104 22
62 106 152
62 107 976
62 109 453
62 111 405
62 112 457
62 113 419
62 114 876
62 115 405
62 116 340
62 118 977
62 119 922
62 120 710
62 121 119
62 122 555
62 123 854
62 124 496
62 126 232
62 127 303
62 129 983
62 130 901
62 131 936
62 132 278
62 133 375
62 134 401
62 135 942
62 137 662
62 138 592
62 141 231
62 142 844
63 64 937
63 65 618
63 67 528
63 68 868
63 69 376
63 70 441
63 71 257
63 72 79
63 73 477
63 74 335
63 75 725
63 76 466
63 78 187
63 79 424
63 81 485
63 82 25
63 83 143
63 86 749
63 87 675
63 88 493
63 90 187
63 91 94
63 92 414
63 93 939
63 94 54
63 95 469
63 96 392
63 97 339
63 98 866
63 100 198
63 101 240
63 102 496
63 103 845
63 104 730
63 105 857
63 106 466
63 107 899
63 108 958
63 109 1000
63 110 371
63 114 39
63 115 171
63 117 579
63 118 605
63 120 752
63 122 617
63 123 331
63 127 513
63 128 69
63 132 151
63 134 237
63 135 387
63 136 637
63 137 3
63 138 687
63 140 871
63 141 333
63 142 363
63 143 994
63 145 977
64 66 888
64 67 533
64 68 21
64 69 628
64 70 714
64 71 778
64 72 950
64 74 51
64 77 636
64 79 496
64 81 200
64 82 349
64 84 724
64 85 219
64 86 413
64 87 321
64 88 871
64 89 563
64 90 807
64 92 107
64 94 672
64 97 896
64 98 912
64 99 180
64 100 868
64 101 856
64 102 132
64 106 825
64 108 830
64 109 909
64 110 880
64 111 710
64 114 5
64 115 571
64 116 859
64 117 70
64 118 177
64 119 114
64 120 979
64 124 636
64 126 213
64 128 175
64 129 156
64 130 33
64 132 754
64 133 208
64 134 973
64 135 132
64 136 695
64 138 395
64 139 967
64 140 907
64 143 807
64 145 482
65 67 963
65 68 380
65 70 731
65 71 337
65 72 161
65 73 771
65 76 521
65 77 10
65 79 626
65 80 843
65 81 657
65 82 379
65 83 960
65 84 756
65 85 625
65 86 96
65 88 464
65 89 382
65 90 544
65 91 399
65 92 465
65 93 105
65 94 281
65 96 741
65 99 949
65 100 941
65 101 241
65 102 636
65 103 543
65 104 277
65 105 787
65 106 561
65 111 134
65 112 684
65 114 680
65 116 13
65 118 131
65 119 867
65 120 720
65 122 343
65 124 756
65 125 146
65 126 394
65 127 100
65 129 589
65 130 770
65 131 129
65 132 427
65 133 78
65 134 199
65 136 547
65 137 3
65 140 713
65 141 600
66 68 347
66 69 857
66 70 560
66 71 237
66 73 46
66 74 486
66 75 791
66 76 586
66 77 866
66 79 688
66 81 27
66 84 854
66 85 669
66 87 694
66 88 151
66 89 582
66 90 304
66 92 90
66 93 771
66 98 374
66 99 881
66 100 785
66 101 968
66 102 259
66 103 783
66 105 109
66 106 61
66 108 669
66 109 725
66 111 657
66 112 825
66 114 558
66 115 201
66 116 651
66 117 992
66 121 921
66 122 862
66 123 781
66 124 538
66 126 227
66 127 155
66 128 194
66 129 954
66 130 972
66 132 276
66 133 981
66 134 969
66 136 809
66 138 992
66 140 87
66 141 699
66 142 416
66 143 733
67 68 858
67 69 139
67 70 107
67 71 18
67 72 564
67 73 858
67 75 299
67 76 734
67 78 674
67 80 953
67 81 101
67 82 974
67 83 290
67 84 570
67 85 363
67 86 330
67 87 333
67 88 872
67 89 978
67 91 604
67 92 503
67 94 78
67 95 866
67 96 176
67 97 201
67 98 105
67 99 285
67 100 255
67 101 976
67 103 665
67 105 68
67 106 962
67 107 157
67 108 261
67 109 106
67 110 777
67 111 53
67 112 978
67 113 73
67 114 864
67 117 701
67 118 377
67 121 114
67 122 816
67 123 756
67 125 88
67 126 600
67 128 129
67 129 299
67 130 272
67 131 546
67 132 46
67 133 568
67 134 317
67 135 437
67 138 667
67 139 976
67 141 729
67 143 753
67 144 418
68 69 655
68 70 560
68 71 121
68 73 551
68 74 522
68 75 229
68 76 560
68 77 375
68 78 181
68 80 470
68 83 86
68 84 782
68 85 480
68 86 816
68 89 765
68 90 573
68 91 853
68 94 457
68 96 170
68 97 6
68 98 286
68 99 875
68 100 866
68 101 288
68 102 405
68 104 123
68 105 336
68 108 966
68 109 902
68 110 156
68 113 385
68 114 549
68 116 129
68 118 369
68 119 800
68 121 39
68 122 136
68 124 135
68 125 385
68 127 972
68 128 125
68 129 775
68 132 933
68 137 735
68 141 179
68 142 80
68 143 391
68 144 181
69 70 923
69 71 696
69 73 362
69 76 755
69 77 413
69 78 101
69 79 596
69 80 416
69 84 503
69 85 630
69 86 695
69 87 114
69 88 655
69 89 813
69 92 163
69 93 979
69 94 838
69 95 995
69 98 561
69 100 883
69 102 376
69 104 109
69 105 993
69 106 167
69 107 828
69 109 352
69 112 108
69 114 373
69 117 393
69 118 291
69 119 173
69 121 889
69 123 544
69 126 8
69 128 479
69 129 751
69 130 766
69 132 56
69 133 57
69 135 708
69 138 369
69 140 70
69 142 622
69 143 961
70 71 448
70 72 520
70 73 456
70 75 379
70 76 319
70 77 316
70 78 249
70 81 150
70 82 522
70 83 677
70 84 887
70 85 217
70 87 86
70 88 183
70 90 90
70 91 874
70 92 694
70 93 498
70 94 229
70 95 465
70 96 844
70 97 67
70 98 409
70 99 125
70 100 614
70 101 574
70 104 862
70 105 706
70 106 878
70 107 367
70 109 826
70 112 448
70 113 908
70 114 90
70 115 152
70 116 919
70 117 514
70 118 828
70 119 644
70 121 484
70 122 505
70 123 122
70 125 208
70 126 729
70 127 533
70 129 270
70 130 365
70 131 413
70 132 286
70 133 36
70 134 309
70 135 127
70 137 888
70 138 369
70 139 927
70 140 820
70 142 599
70 145 744
71 72 396
71 73 829
71 75 161
71 78 828
71 79 546
71 82 173
71 83 353
71 84 142
71 85 556
71 86 834
71 88 148
71 90 26
71 91 319
71 94 670
71 99 745
71 103 55
71 104 977
71 105 919
71 106 592
71 108 666
71 109 686
71 110 494
71 111 602
71 112 854
71 113 229
71 115 944
71 117 387
71 118 835
71 119 833
71 120 937
71 121 427
71 122 511
71 123 295
71 124 203
71 126 875
71 127 488
71 129 306
71 130 388
71 131 858
71 132 641
71 133 349
71 136 571
71 137 331
71 138 482
71 140 633
71 141 786
71 142 736
71 143 38
71 144 619
72 73 26
72 77 580
72 78 790
72 79 553
72 81 792
72 83 161
72 84 265
72 86 930
72 87 187
72 88 226
72 90 975
72 91 547
72 93 493
72 95 966
72 96 564
72 97 419
72 99 454
72 100 349
72 101 491
72 103 539
72 104 218
72 105 633
72 106 159
72 108 636
72 110 366
72 111 442
72 112 113
72 113 665
72 114 674
72 115 657
72 117 177
72 118 97
72 119 662
72 120 809
72 123 20
72 125 542
72 127 93
72 130 728
72 131 862
72 134 638
72 136 467
72 137 710
72 139 194
72 142 901
72 143 393
72 144 405
72 145 335
73 74 563
73 76 224
73 79 118
73 80 945
73 81 934
73 82 872
73 84 518
73 85 826
73 88 757
73 90 573
73 91 981
73 92 560
73 95 76
73 96 716
73 97 421
73 98 643
73 99 56
73 101 146
73 102 19
73 103 736
73 104 582
73 105 465
73 107 425
73 109 956
73 110 776
73 111 109
73 112 702
73 113 526
73 114 392
73 116 883
73 117 156
73 121 554
73 122 865
73 124 674
73 125 497
73 127 368
73 128 463
73 129 934
73 130 261
73 133 776
73 134 928
73 135 202
73 136 600
73 137 933
73 138 399
73 142 123
73 143 933
73 144 75
74 75 252
74 76 534
74 77 455
74 78 521
74 79 529
74 81 344
74 82 519
74 83 52
74 84 203
74 85 672
74 89 692
74 90 915
74 91 819
74 92 696
74 93 694
74 94 663
74 98 741
74 99 556
74 100 837
74 101 122
74 102 25
74 103 257
74 104 499
74 106 695
74 107 116
74 108 774
74 109 108
74 110 315
74 111 768
74 112 345
74 113 436
74 114 196
74 115 427
74 117 692
74 118 352
74 119 478
74 120 458
74 121 179
74 122 77
74 124 922
74 127 825
74 129 566
74 130 866
74 131 924
74 133 358
74 136 428
74 137 285
74 138 297
74 139 228
74 141 117
74 143 87
74 144 473
74 145 218
75 76 629
75 77 123
75 78 522
75 79 312
75 80 896
75 81 93
75 82 154
75 83 811
75 84 248
75 86 617
75 87 508
75 88 659
75 89 912
75 91 436
75 92 253
75 93 313
75 96 42
75 97 229
75 99 371
75 100 480
75 101 776
75 102 553
75 103 109
75 104 324
75 105 133
75 106 137
75 108 995
75 109 458
75 110 450
75 111 350
75 112 757
75 113 495
75 114 842
75 115 13
75 116 352
75 117 192
75 118 576
75 119 495
75 120 568
75 122 450
75 124 352
75 126 654
75 127 90
75 129 965
75 130 708
75 131 683
75 132 67
75 134 699
75 135 495
75 136 341
75 137 956
75 140 863
75 141 190
75 142 79
75 144 52
75 145 484
76 78 1
76 79 97
76 83 932
76 84 428
76 86 446
76 91 341
76 92 519
76 93 674
76 96 279
76 98 718
76 99 516
76 100 393
76 101 893
76 102 819
76 103 265
76 104 600
76 105 438
76 106 623
76 107 777
76 108 895
76 109 151
76 110 103
76 111 6
76 112 241
76 113 58
76 115 680
76 116 610
76 117 314
76 118 625
76 120 541
76 122 299
76 123 72
76 124 218
76 125 258
76 126 157
76 127 798
76 129 906
76 132 376
76 133 854
76 134 801
76 138 16
76 139 94
76 140 815
76 141 621
76 142 838
76 143 347
76 144 515
76 145 97
77 78 364
77 79 832
77 80 909
77 81 66
77 82 537
77 83 31
77 85 993
77 87 814
77 88 212
77 89 741
77 90 102
77 91 210
77 94 82
77 96 231
77 97 592
77 98 339
77 99 136
77 100 4
77 101 800
77 102 868
77 104 688
77 106 13
77 108 134
77 109 302
77 110 151
77 111 414
77 112 87
77 114 27
77 115 310
77 120 3
77 123 740
77 125 71
77 126 463
77 129 491
77 130 498
77 131 823
77 132 38
77 134 346
77 135 558
77 137 351
77 138 263
77 139 41
77 140 597
77 141 578
77 142 198
77 143 690
77 144 299
77 145 227
78 79 367
78 80 466
78 81 911
78 82 290
78 83 652
78 85 40
78 86 732
78 88 820
78 89 919
78 91 405
78 92 284
78 93 406
78 95 34
78 96 806
78 97 919
78 98 727
78 100 504
78 101 801
78 102 23
78 103 719
78 104 168
78 106 808
78 107 106
78 109 498
78 110 223
78 112 544
78 113 48
78 115 794
78 116 528
78 118 652
78 119 191
78 120 18
78 121 1000
78 122 448
78 124 159
78 126 273
78 128 530
78 130 857
78 131 210
78 133 124
78 134 151
78 136 67
78 137 205
78 141 835
78 142 629
78 143 570
78 144 495
78 145 175
79 80 131
79 81 876
79 82 748
79 83 685
79 84 456
79 85 261
79 86 854
79 89 206
79 92 117
79 93 372
79 95 985
79 101 613
79 102 173
79 104 539
79 106 481
79 107 489
79 108 570
79 111 841
79 114 294
79 115 506
79 116 483
79 117 972
79 119 21
79 120 390
79 122 495
79 123 48
79 124 268
79 125 982
79 126 320
79 127 462
79 129 600
79 130 499
79 131 595
79 132 10
79 134 252
79 135 664
79 138 178
79 140 538
79 142 969
79 143 579
79 145 923
80 81 549
80 83 278
80 84 401
80 85 239
80 87 270
80 90 84
80 91 443
80 93 532
80 95 515
80 97 677
80 98 197
80 99 306
80 100 149
80 101 929
80 102 814
80 103 777
80 105 170
80 107 608
80 109 550
80 112 611
80 115 58
80 117 192
80 119 148
80 120 741
80 121 651
80 122 776
80 124 824
80 125 85
80 126 394
80 128 348
80 129 449
80 130 575
80 133 983
80 134 241
80 135 272
80 136 932
80 137 808
80 138 623
80 140 654
80 141 12
80 142 713
80 144 900
80 145 681
81 83 134
81 84 937
81 86 203
81 87 409
81 90 248
81 91 138
81 92 611
81 93 462
81 94 263
81 96 943
81 97 457
81 98 530
81 99 705
81 100 420
81 101 352
81 103 638
81 104 737
81 105 179
81 107 671
81 108 826
81 110 899
81 111 199
81 112 299
81 113 753
81 115 533
81 118 480
81 121 295
81 122 479
81 124 691
81 126 8
81 129 164
81 130 150
81 131 427
81 133 949
81 135 490
81 137 20
81 138 946
81 139 953
81 143 734
81 144 862
82 84 549
82 85 787
82 86 380
82 87 448
82 88 61
82 90 518
82 92 502
82 93 948
82 94 70
82 97 596
82 98 246
82 99 571
82 100 692
82 101 52
82 102 898
82 103 840
82 104 25
82 105 594
82 106 820
82 107 676
82 108 640
82 109 652
82 110 150
82 111 389
82 112 583
82 114 560
82 115 417
82 117 966
82 119 126
82 120 108
82 121 497
82 122 28
82 123 938
82 124 37
82 127 834
82 129 128
82 130 942
82 132 693
82 133 396
82 134 376
82 136 307
82 137 632
82 138 872
82 139 286
82 141 47
82 142 826
82 143 254
82 144 81
82 145 699
83 85 517
83 87 508
83 90 809
83 91 615
83 92 248
83 93 990
83 94 408
83 96 160
83 97 253
83 98 27
83 99 3
83 100 559
83 102 285
83 104 989
83 105 281
83 106 927
83 109 88
83 111 586
83 112 368
83 114 982
83 115 616
83 116 106
83 117 490
83 118 130
83 120 473
83 121 702
83 122 708
83 124 342
83 126 931
83 127 70
83 128 492
83 129 143
83 131 82
83 132 793
83 136 299
83 137 292
83 139 959
83 140 885
83 141 793
83 142 994
83 144 253
84 85 146
84 86 907
84 88 461
84 89 253
84 90 115
84 91 920
84 92 46
84 93 399
84 94 785
84 95 937
84 96 914
84 97 521
84 98 614
84 99 869
84 101 888
84 102 892
84 103 200
84 104 791
84 105 432
84 106 861
84 107 119
84 109 764
84 110 654
84 112 928
84 113 625
84 115 713
84 117 310
84 118 252
84 121 530
84 124 425
84 127 739
84 129 720
84 131 455
84 133 766
84 134 803
84 135 169
84 140 34
84 141 740
84 142 213
84 143 846
84 144 898
84 145 125
85 86 794
85 87 216
85 89 279
85 90 244
85 91 601
85 92 138
85 93 939
85 95 517
85 96 465
85 97 883
85 98 424
85 99 355
85 100 657
85 101 572
85 102 95
85 103 525
85 104 975
85 106 678
85 109 16
85 110 405
85 112 695
85 113 961
85 114 431
85 115 871
85 116 144
85 117 569
85 118 743
85 119 898
85 121 869
85 122 239
85 123 697
85 125 745
85 126 70
85 127 197
85 128 760
85 129 362
85 131 331
85 132 120
85 133 278
85 135 923
85 140 210
85 141 694
85 142 518
85 143 158
85 145 992
86 87 554
86 88 606
86 89 908
86 90 686
86 92 438
86 93 808
86 94 644
86 95 825
86 96 509
86 97 362
86 98 900
86 100 811
86 103 449
86 104 234
86 105 211
86 106 281
86 107 947
86 108 448
86 110 243
86 111 690
86 112 650
86 113 837
86 115 926
86 116 681
86 117 319
86 118 906
86 120 257
86 121 273
86 122 884
86 123 953
86 124 94
86 125 467
86 128 105
86 129 255
86 130 770
86 131 629
86 133 528
86 135 485
86 136 456
86 137 168
86 139 750
86 140 429
86 143 107
86 144 108
86 145 124
87 89 202
87 90 176
87 93 727
87 95 234
87 96 458
87 97 121
87 98 318
87 99 464
87 103 673
87 106 266
87 107 940
87 108 780
87 111 410
87 112 642
87 115 204
87 116 969
87 121 517
87 122 959
87 123 764
87 125 606
87 126 350
87 127 878
87 128 495
87 129 853
87 130 324
87 132 425
87 133 883
87 134 799
87 135 237
87 136 142
87 139 448
87 141 853
87 142 89
87 143 794
87 144 566
88 89 323
88 90 540
88 91 767
88 92 501
88 94 303
88 95 358
88 97 271
88 98 172
88 99 561
88 100 64
88 101 568
88 102 971
88 103 998
88 104 67
88 105 979
88 106 379
88 108 327
88 110 608
88 112 871
88 113 547
88 115 992
88 117 835
88 119 933
88 121 7
88 123 52
88 124 594
88 125 539
88 127 343
88 128 541
88 129 309
88 131 697
88 132 510
88 133 316
88 135 321
88 136 745
88 138 98
88 139 923
88 140 825
88 142 498
88 143 641
88 145 319
89 92 524
89 93 790
89 94 86
89 95 84
89 96 930
89 97 752
89 99 479
89 102 945
89 103 749
89 106 244
89 108 522
89 109 62
89 110 952
89 111 67
89 112 200
89 113 220
89 116 5
89 117 872
89 118 797
89 119 250
89 120 422
89 123 836
89 124 616
89 125 622
89 126 940
89 127 591
89 128 821
89 131 814
89 133 221
89 134 939
89 135 909
89 136 670
89 139 561
89 140 632
89 143 646
90 91 426
90 93 50
90 94 607
90 95 772
90 96 50
90 97 596
90 98 632
90 100 588
90 101 413
90 104 489
90 105 834
90 106 106
90 108 35
90 109 577
90 110 475
90 111 989
90 114 103
90 115 949
90 116 364
90 118 304
90 119 98
90 120 20
90 121 511
90 122 336
90 123 865
90 124 296
90 125 820
90 126 603
90 127 711
90 128 724
90 129 582
90 131 844
90 133 286
90 134 538
90 135 534
90 136 539
90 137 819
90 138 30
90 141 952
90 142 563
91 92 429
91 93 383
91 95 835
91 96 276
91 99 732
91 101 786
91 104 525
91 105 431
91 106 371
91 107 360
91 108 684
91 109 648
91 110 886
91 111 605
91 113 107
91 114 490
91 115 197
91 116 547
91 117 822
91 118 824
91 119 530
91 121 997
91 122 228
91 125 645
91 126 727
91 127 316
91 129 783
91 130 637
91 131 560
91 132 787
91 134 209
91 135 155
91 136 151
91 137 889
91 138 750
91 139 593
91 140 645
91 141 952
91 144 274
91 145 827
92 93 897
92 94 101
92 97 327
92 98 756
92 99 107
92 100 710
92 101 117
92 102 764
92 103 695
92 105 220
92 106 320
92 107 635
92 108 346
92 109 936
92 111 309
92 112 422
92 115 632
92 116 445
92 117 161
92 118 106
92 119 742
92 121 843
92 122 742
92 124 626
92 126 84
92 127 468
92 128 665
92 129 625
92 130 712
92 135 320
92 136 211
92 137 991
92 138 943
92 139 847
92 144 716
93 94 323
93 98 504
93 99 257
93 100 694
93 101 770
93 102 313
93 105 680
93 107 893
93 109 988
93 110 346
93 111 698
93 112 628
93 113 620
93 114 92
93 116 380
93 117 82
93 118 573
93 119 437
93 121 897
93 122 690
93 126 352
93 127 18
93 128 668
93 131 833
93 132 713
93 134 210
93 138 407
93 139 488
93 140 4
93 142 796
93 144 911
94 95 541
94 96 368
94 97 726
94 98 814
94 99 803
94 100 164
94 101 817
94 102 564
94 103 195
94 104 91
94 107 573
94 108 264
94 112 188
94 113 686
94 114 690
94 115 149
94 117 749
94 118 863
94 119 491
94 120 307
94 123 393
94 125 959
94 126 655
94 127 910
94 128 325
94 129 883
94 130 744
94 133 753
94 134 745
94 135 474
94 136 872
94 139 507
94 141 89
94 142 526
94 144 282
94 145 587
95 98 407
95 100 761
95 101 197
95 104 537
95 105 416
95 107 595
95 110 709
95 111 331
95 114 906
95 116 132
95 117 815
95 118 959
95 120 692
95 121 997
95 122 734
95 124 649
95 125 414
95 126 499
95 127 976
95 128 649
95 129 543
95 130 633
95 132 749
95 133 566
95 134 375
95 136 658
95 137 905
95 139 14
95 140 853
95 142 452
95 145 70
96 99 850
96 100 242
96 103 255
96 104 7
96 105 239
96 106 631
96 107 468
96 108 901
96 109 975
96 110 682
96 112 422
96 113 790
96 116 559
96 117 553
96 118 4
96 119 430
96 120 798
96 121 286
96 122 259
96 124 405
96 126 158
96 127 481
96 128 394
96 129 443
96 130 649
96 132 294
96 134 995
96 137 557
96 138 784
96 139 221
96 140 867
96 141 121
96 142 323
96 143 854
96 144 165
96 145 958
97 98 725
97 99 858
97 101 851
97 102 922
97 103 739
97 104 397
97 105 760
97 106 407
97 107 466
97 108 482
97 111 919
97 112 414
97 113 804
97 116 706
97 118 147
97 119 119
97 121 631
97 122 721
97 123 141
97 124 769
97 125 233
97 126 547
97 127 370
97 129 499
97 130 478
97 131 387
97 132 851
97 135 998
97 136 820
97 137 880
97 138 480
97 139 898
97 141 530
97 142 287
97 144 354
98 99 882
98 101 161
98 102 108
98 104 442
98 105 549
98 106 707
98 107 709
98 108 867
98 111 29
98 112 214
98 114 729
98 115 135
98 116 281
98 117 2
98 118 460
98 119 16
98 121 535
98 122 514
98 123 386
98 124 421
98 127 300
98 128 88
98 129 317
98 131 937
98 132 770
98 133 780
98 134 531
98 135 954
98 136 445
98 137 133
98 138 168
98 139 287
98 140 44
98 141 575
98 142 275
98 145 55
99 101 411
99 102 620
99 103 277
99 104 80
99 105 764
99 106 999
99 110 162
99 111 714
99 114 933
99 115 455
99 117 477
99 121 481
99 122 972
99 123 563
99 124 88
99 125 596
99 126 796
99 129 813
99 131 849
99 132 342
99 133 140
99 135 799
99 139 909
99 140 3
99 142 528
99 143 276
99 145 912
100 102 574
100 103 797
100 104 441
100 105 500
100 106 70
100 107 951
100 111 426
100 112 486
100 113 367
100 114 542
100 115 143
100 116 128
100 117 866
100 118 904
100 119 374
100 120 378
100 121 9
100 122 469
100 123 737
100 124 337
100 125 956
100 126 963
100 128 686
100 131 653
100 132 626
100 133 31
100 134 553
100 136 165
100 137 481
100 138 743
100 139 267
100 140 635
100 141 662
100 143 218
100 145 832
101 102 391
101 103 969
101 104 330
101 105 751
101 106 896
101 107 489
101 108 436
101 109 883
101 111 461
101 112 700
101 113 555
101 116 272
101 119 927
101 120 225
101 121 488
101 122 978
101 123 856
101 124 737
101 126 561
101 127 746
101 128 743
101 129 419
101 130 144
101 131 968
101 134 674
101 135 696
101 136 987
101 137 903
101 138 781
101 140 873
101 141 874
101 142 488
101 143 591
101 144 248
101 145 38
102 103 656
102 104 543
102 107 291
102 109 90
102 110 871
102 112 576
102 113 287
102 114 543
102 116 59
102 117 540
102 118 674
102 119 630
102 120 227
102 121 550
102 122 602
102 123 547
102 124 461
102 126 563
102 127 408
102 128 602
102 129 37
102 130 775
102 132 231
102 133 182
102 134 271
102 136 86
102 137 394
102 138 996
102 139 843
102 141 545
102 142 323
102 145 597
103 105 481
103 107 75
103 108 163
103 110 461
103 112 245
103 113 822
103 117 593
103 118 760
103 122 921
103 123 874
103 126 969
103 127 269
103 129 55
103 130 664
103 131 75
103 132 62
103 133 632
103 134 980
103 135 906
103 139 522
103 142 708
103 144 493
104 106 229
104 108 454
104 109 625
104 110 841
104 112 617
104 116 574
104 117 669
104 118 939
104 119 401
104 121 545
104 122 753
104 123 662
104 125 336
104 126 675
104 128 617
104 129 869
104 130 844
104 131 520
104 132 755
104 134 156
104 135 309
104 136 90
104 137 648
104 138 695
104 140 27
104 142 165
104 143 803
104 144 980
104 145 33
105 107 691
105 108 741
105 109 137
105 110 464
105 113 456
105 114 570
105 115 815
105 116 713
105 117 963
105 118 173
105 119 302
105 120 933
105 121 558
105 122 204
105 123 2
105 124 181
105 126 157
105 128 544
105 130 56
105 133 605
105 134 848
105 135 112
105 136 691
105 137 466
105 139 771
105 142 380
105 143 154
105 145 367
106 107 145
106 108 319
106 111 26
106 113 884
106 115 261
106 118 173
106 119 472
106 120 26
106 121 300
106 122 851
106 123 423
106 124 635
106 125 873
106 126 134
106 127 462
106 128 235
106 129 900
106 130 457
106 131 806
106 132 489
106 134 380
106 138 459
106 139 933
106 142 353
106 144 111
107 108 554
107 111 58
107 113 231
107 114 552
107 115 481
107 117 952
107 118 216
107 119 28
107 120 663
107 122 341
107 123 816
107 125 475
107 126 782
107 127 846
107 129 413
107 131 383
107 132 658
107 133 441
107 134 353
107 135 981
107 136 316
107 138 727
107 139 28
107 140 50
107 141 624
107 144 278
107 145 688
108 109 665
108 113 113
108 114 814
108 115 748
108 116 889
108 117 368
108 119 112
108 120 527
108 121 859
108 122 448
108 123 841
108 125 662
108 127 277
108 129 210
108 130 822
108 131 548
108 132 449
108 135 821
108 136 723
108 138 180
108 139 788
108 140 664
108 142 657
108 143 770
108 145 554
109 112 497
109 113 639
109 114 34
109 116 439
109 120 421
109 121 342
109 122 472
109 124 3
109 125 236
109 127 753
109 130 102
109 131 510
109 134 369
109 136 647
109 137 901
109 138 244
109 139 738
109 140 107
109 141 194
109 142 77
109 145 195
110 112 69
110 113 769
110 114 888
110 116 67
110 117 606
110 119 666
110 120 849
110 121 445
110 122 86
110 124 977
110 125 365
110 126 486
110 128 280
110 130 860
110 131 579
110 132 830
110 134 395
110 136 282
110 137 324
110 139 69
110 140 13
110 141 154
110 142 270
110 145 186
111 113 627
111 116 8
111 120 587
111 121 934
111 124 325
111 125 898
111 126 201
111 127 649
111 128 901
111 129 453
111 130 920
111 131 820
111 132 940
111 133 32
111 135 974
111 137 768
111 140 631
111 141 182
111 142 499
111 143 346
111 144 657
111 145 282
112 114 674
112 117 643
112 118 629
112 119 916
112 120 356
112 123 139
112 124 387
112 125 195
112 126 625
112 127 793
112 128 936
112 130 275
112 131 289
112 133 940
112 134 988
112 135 649
112 139 999
112 140 255
112 143 634
112 144 443
112 145 837
113 114 272
113 115 964
113 116 589
113 118 587
113 119 313
113 120 333
113 121 221
113 123 563
113 124 978
113 126 153
113 127 893
113 128 616
113 129 120
113 130 155
113 131 138
113 132 587
113 133 185
113 135 576
113 137 981
113 138 89
113 139 229
113 140 458
113 141 188
113 142 889
113 144 936
113 145 65
114 117 143
114 118 566
114 119 504
114 121 313
114 122 682
114 124 640
114 125 973
114 126 186
114 129 860
114 131 453
114 132 292
114 133 965
114 136 449
114 137 163
114 139 400
114 140 299
114 141 432
114 142 789
114 143 368
114 144 336
115 116 375
115 118 665
115 120 31
115 121 322
115 122 545
115 123 621
115 124 263
115 126 966
115 127 791
115 128 761
115 129 549
115 130 966
115 132 702
115 133 357
115 134 630
115 135 383
115 137 818
115 138 928
115 139 237
115 140 400
115 142 329
115 145 290
116 117 40
116 118 267
116 119 227
116 120 973
116 122 826
116 123 95
116 124 720
116 125 659
116 126 837
116 127 190
116 129 573
116 131 976
116 132 579
116 133 509
116 134 561
116 135 614
116 136 438
116 137 860
116 138 88
116 139 559
116 140 253
116 141 544
116 143 799
116 144 850
117 118 771
117 119 829
117 120 72
117 121 319
117 122 10
117 123 826
117 125 763
117 127 705
117 128 310
117 130 782
117 132 291
117 133 606
117 134 594
117 135 250
117 136 455
117 137 755
117 138 709
117 139 912
117 141 738
117 142 70
117 143 397
118 119 137
118 120 271
118 121 609
118 122 982
118 123 607
118 124 787
118 125 287
118 128 736
118 129 550
118 130 661
118 131 128
118 132 925
118 134 265
118 136 759
118 137 475
118 139 62
118 143 256
118 145 17
119 120 202
119 121 885
119 122 95
119 124 178
119 125 984
119 126 979
119 128 980
119 129 794
119 130 771
119 131 899
119 132 11
119 133 637
119 134 696
119 135 370
119 136 22
119 137 299
119 139 281
119 140 977
119 141 601
119 142 621
119 143 792
119 144 764
119 145 518
120 121 297
120 122 445
120 124 543
120 125 533
120 126 40
120 127 820
120 130 863
120 131 22
120 132 284
120 133 111
120 135 451
120 136 368
120 137 819
120 138 428
120 139 872
120 140 254
120 141 270
120 142 357
120 144 115
120 145 577
121 122 830
121 123 580
121 125 856
121 126 16
121 129 777
121 130 723
121 131 221
121 132 834
121 133 327
121 134 181
121 137 4
121 138 471
121 140 847
121 141 65
121 143 719
121 144 722
121 145 292
122 124 647
122 125 599
122 126 458
122 127 732
122 128 619
122 129 478
122 130 409
122 131 648
122 132 164
122 134 312
122 136 272
122 138 672
122 140 421
122 141 55
122 143 337
122 144 520
122 145 978
123 124 746
123 126 673
123 127 620
123 128 461
123 129 845
123 130 140
123 131 184
123 132 123
123 133 388
123 134 3
123 135 98
123 136 644
123 138 593
123 139 161
123 140 310
123 144 514
123 145 860
124 125 738
124 126 110
124 129 946
124 130 481
124 131 727
124 132 524
124 133 107
124 134 92
124 136 912
124 137 825
124 139 405
124 140 374
124 141 191
124 142 65
125 126 408
125 127 656
125 128 137
125 129 263
125 130 903
125 131 461
125 133 4
125 134 422
125 135 572
125 136 796
125 137 256
125 138 47
125 139 220
125 145 901
126 127 366
126 128 290
126 131 322
126 135 98
126 137 851
126 139 717
126 140 153
126 141 790
126 142 764
126 143 601
126 144 522
126 145 176
127 128 244
127 129 440
127 130 413
127 131 943
127 132 237
127 133 72
127 134 585
127 136 864
127 137 27
127 142 637
127 143 65
127 145 831
128 131 615
128 132 227
128 133 466
128 134 569
128 136 282
128 137 567
128 139 649
128 141 53
128 143 93
128 144 283
128 145 200
129 130 379
129 131 765
129 132 487
129 133 57
129 135 417
129 137 399
129 138 533
129 141 904
129 142 436
130 131 435
130 133 927
130 134 922
130 136 618
130 137 608
130 138 163
130 139 246
130 140 835
130 143 881
130 144 178
130 145 596
131 132 187
131 133 339
131 134 928
131 135 153
131 136 572
131 137 517
131 138 822
131 140 509
131 141 642
131 142 655
131 143 727
132 133 121
132 134 607
132 135 334
132 136 193
132 137 857
132 141 465
132 142 296
132 143 814
132 145 912
133 134 464
133 135 385
133 137 482
133 138 766
133 140 165
133 142 395
133 145 963
134 135 326
134 136 431
134 138 567
134 139 795
134 140 415
134 142 277
134 144 925
134 145 513
135 136 65
135 137 226
135 138 287
135 139 870
135 140 85
135 144 904
136 137 552
136 138 616
136 139 212
136 140 815
136 141 393
136 143 881
137 139 243
137 140 595
137 142 474
137 144 471
138 139 442
138 140 246
138 141 247
138 143 343
138 145 717
139 142 512
139 143 201
139 144 164
139 145 552
140 142 29
140 143 852
140 145 593
141 145 109
142 143 228
142 144 826
142 145 296
143 144 557
143 145 168
144 145 446
