28 195
1 2 73
1 6 723
1 7 941
1 9 893
1 10 702
1 12 303
1 13 157
1 14 236
1 15 927
1 18 486
1 22 857
1 23 781
1 25 120
1 26 459
1 27 879
2 3 867
2 4 479
2 8 16
2 10 772
2 13 382
2 14 783
2 16 5
2 17 186
2 19 830
2 20 849
2 25 618
3 5 165
3 7 934
3 8 138
3 9 251
3 12 326
3 13 806
3 14 430
3 15 546
3 16 443
3 17 619
3 18 426
3 21 285
3 23 887
3 26 400
3 27 458
4 5 867
4 9 955
4 13 945
4 17 827
4 18 627
4 26 781
4 27 548
5 6 684
5 7 116
5 9 717
5 10 176
5 14 426
5 16 733
5 21 237
5 22 671
5 24 525
5 25 678
5 27 293
6 9 254
6 10 278
6 13 126
6 16 40
6 19 912
6 21 372
6 23 21
6 24 367
6 26 888
6 27 17
6 28 347
7 9 246
7 11 997
7 12 922
7 13 453
7 19 616
7 20 221
7 21 315
7 23 885
7 25 68
7 27 354
7 28 356
8 9 244
8 11 219
8 12 613
8 13 187
8 14 730
8 17 311
8 18 57
8 20 703
8 21 660
8 22 813
8 24 45
8 25 342
9 14 302
9 16 364
9 18 463
9 19 403
9 20 560
9 24 655
9 25 36
10 11 423
10 12 172
10 15 685
10 16 465
10 17 737
10 18 821
10 19 404
10 22 176
10 26 489
10 28 144
11 12 935
11 13 884
11 14 793
11 15 829
11 18 659
11 20 780
11 22 190
11 25 204
11 27 453
11 28 867
12 14 626
12 15 822
12 18 310
12 22 284
12 23 346
12 24 439
12 25 646
12 27 879
12 28 932
13 19 768
13 21 970
13 22 767
13 25 103
13 27 570
14 15 479
14 16 875
14 17 380
14 18 224
14 20 815
14 21 654
14 22 152
14 25 446
14 27 352
14 28 502
15 17 212
15 18 416
15 19 886
15 20 105
15 22 2
15 23 249
15 24 635
16 17 636
16 18 833
16 25 294
16 27 431
17 18 739
17 19 602
17 20 882
17 23 901
17 24 247
17 25 190
18 20 383
18 21 968
18 24 191
18 26 507
18 27 962
18 28 542
19 20 533
19 21 603
19 23 821
19 24 919
19 25 642
19 28 580
20 21 793
20 23 430
20 24 28
20 27 130
20 28 30
21 24 615
21 25 69
21 27 587
21 28 258
22 23 291
22 25 472
22 26 304
22 27 438
23 24 569
23 26 434
23 28 953
24 26 35
25 26 769
25 27 99
25 28 403
26 27 495
26 28 474
