30 435
1 2 874
1 3 964
1 4 274
1 5 691
1 6 142
1 7 597
1 8 947
1 9 174
1 10 94
1 11 412
1 12 730
1 13 191
1 14 61
1 15 698
1 16 558
1 17 152
1 18 391
1 19 654
1 20 502
1 21 726
1 22 569
1 23 377
1 24 550
1 25 476
1 26 203
1 27 204
1 28 8
1 29 862
1 30 246
2 3 758
2 4 168
2 5 37
2 6 634
2 7 934
2 8 53
2 9 949
2 10 600
2 11 548
2 12 938
2 13 351
2 14 620
2 15 465
2 16 141
2 17 9
2 18 73
2 19 94
2 20 990
2 21 829
2 22 236
2 23 760
2 24 439
2 25 968
2 26 123
2 27 153
2 28 796
2 29 874
2 30 444
3 4 28
3 5 239
3 6 11
3 7 146
3 8 550
3 9 180
3 10 309
3 11 995
3 12 481
3 13 385
3 14 711
3 15 529
3 16 962
3 17 710
3 18 75
3 19 439
3 20 851
3 21 321
3 22 358
3 23 466
3 24 222
3 25 834
3 26 255
3 27 453
3 28 687
3 29 675
3 30 735
4 5 304
4 6 833
4 7 952
4 8 929
4 9 447
4 10 364
4 11 309
4 12 69
4 13 21
4 14 838
4 15 52
4 16 102
4 17 512
4 18 261
4 19 822
4 20 484
4 21 419
4 22 865
4 23 952
4 24 839
4 25 980
4 26 242
4 27 808
4 28 355
4 29 482
4 30 530
5 6 720
5 7 503
5 8 253
5 9 868
5 10 107
5 11 688
5 12 468
5 13 110
5 14 42
5 15 310
5 16 843
5 17 311
5 18 921
5 19 319
5 20 354
5 21 800
5 22 875
5 23 434
5 24 66
5 25 209
5 26 943
5 27 722
5 28 105
5 29 981
5 30 723
6 7 855
6 8 283
6 9 533
6 10 779
6 11 762
6 12 311
6 13 375
6 14 1000
6 15 22
6 16 578
6 17 32
6 18 657
6 19 309
6 20 662
6 21 966
6 22 554
6 23 14
6 24 257
6 25 831
6 26 42
6 27 513
6 28 27
6 29 162
6 30 170
7 8 259
7 9 551
7 10 501
7 11 245
7 12 689
7 13 22
7 14 635
7 15 340
7 16 102
7 17 508
7 18 231
7 19 840
7 20 727
7 21 885
7 22 249
7 23 733
7 24 482
7 25 503
7 26 286
7 27 485
7 28 922
7 29 635
7 30 851
8 9 176
8 10 445
8 11 607
8 12 139
8 13 664
8 14 56
8 15 595
8 16 967
8 17 263
8 18 802
8 19 342
8 20 365
8 21 17
8 22 961
8 23 843
8 24 474
8 25 924
8 26 573
8 27 361
8 28 524
8 29 305
8 30 914
9 10 107
9 11 885
9 12 560
9 13 124
9 14 188
9 15 270
9 16 985
9 17 866
9 18 76
9 19 662
9 20 797
9 21 283
9 22 821
9 23 84
9 24 554
9 25 160
9 26 510
9 27 460
9 28 659
9 29 684
9 30 974
10 11 420
10 12 818
10 13 341
10 14 802
10 15 842
10 16 767
10 17 171
10 18 870
10 19 380
10 20 281
10 21 178
10 22 476
10 23 89
10 24 277
10 25 830
10 26 373
10 27 172
10 28 741
10 29 258
10 30 144
11 12 751
11 13 192
11 14 246
11 15 611
11 16 104
11 17 4
11 18 594
11 19 998
11 20 992
11 21 297
11 22 435
11 23 664
11 24 574
11 25 149
11 26 772
11 27 137
11 28 112
11 29 446
11 30 727
12 13 935
12 14 117
12 15 973
12 16 124
12 17 696
12 18 215
12 19 630
12 20 413
12 21 104
12 22 846
12 23 657
12 24 363
12 25 567
12 26 757
12 27 35
12 28 287
12 29 868
12 30 29
13 14 1000
13 15 411
13 16 670
13 17 837
13 18 400
13 19 264
13 20 850
13 21 420
13 22 19
13 23 824
13 24 797
13 25 122
13 26 188
13 27 891
13 28 898
13 29 242
13 30 284
14 15 222
14 16 182
14 17 465
14 18 780
14 19 264
14 20 991
14 21 138
14 22 619
14 23 751
14 24 688
14 25 746
14 26 252
14 27 339
14 28 916
14 29 96
14 30 365
15 16 770
15 17 950
15 18 348
15 19 9
15 20 339
15 21 695
15 22 97
15 23 785
15 24 214
15 25 181
15 26 105
15 27 906
15 28 905
15 29 731
15 30 935
16 17 208
16 18 791
16 19 897
16 20 562
16 21 561
16 22 366
16 23 746
16 24 1
16 25 596
16 26 621
16 27 621
16 28 561
16 29 63
16 30 831
17 18 333
17 19 723
17 20 809
17 21 312
17 22 868
17 23 605
17 24 809
17 25 620
17 26 101
17 27 517
17 28 144
17 29 616
17 30 466
18 19 659
18 20 891
18 21 887
18 22 56
18 23 164
18 24 632
18 25 695
18 26 686
18 27 903
18 28 96
18 29 918
18 30 95
19 20 969
19 21 874
19 22 976
19 23 623
19 24 606
19 25 223
19 26 766
19 27 532
19 28 627
19 29 333
19 30 618
20 21 603
20 22 309
20 23 479
20 24 29
20 25 674
20 26 123
20 27 615
20 28 26
20 29 560
20 30 729
21 22 374
21 23 377
21 24 799
21 25 521
21 26 578
21 27 35
21 28 700
21 29 347
21 30 860
22 23 258
22 24 424
22 25 801
22 26 501
22 27 498
22 28 206
22 29 454
22 30 958
23 24 379
23 25 309
23 26 309
23 27 734
23 28 933
23 29 689
23 30 5
24 25 596
24 26 681
24 27 518
24 28 542
24 29 666
24 30 831
25 26 857
25 27 186
25 28 169
25 29 835
25 30 504
26 27 599
26 28 799
26 29 709
26 30 887
27 28 985
27 29 597
27 30 731
28 29 721
28 30 709
29 30 792
