414 322
0 100
310 100
620 100
930 100
1240 100
1550 100
1860 100
2170 100
2480 100
2790 100
3100 100
3410 100
3720 100
4030 100
4340 100
4650 100
4960 100
5270 100
5580 100
5890 100
6200 100
6510 100
6820 100
7130 100
7440 100
7750 100
8060 100
8370 100
8680 100
8990 100
9300 100
9610 100
9920 100
10230 100
10540 100
10850 100
11160 100
11470 100
11780 100
12090 100
12400 100
12710 100
13020 100
13330 100
13640 100
13950 100
14260 100
14570 100
14880 100
15190 100
15500 100
15810 100
16120 100
16430 100
16740 100
17050 100
17360 100
17670 100
17980 100
18290 100
18600 100
18910 100
19220 100
19530 100
19840 100
20150 100
20460 100
20770 100
21080 100
21390 100
21700 100
22010 100
22320 100
22630 100
22940 100
23250 100
23560 100
23870 100
24180 100
24490 100
24800 100
25110 100
25420 100
25730 100
26040 100
26350 100
26660 100
26970 100
27280 100
27590 100
27900 100
28210 100
28520 100
28830 100
29140 100
29450 100
29760 100
30070 100
30380 100
30690 100
31000 100
31310 100
31620 100
31930 100
32240 100
32550 100
32860 100
33170 100
33480 100
33790 100
34100 100
34410 100
34720 100
35030 100
35340 100
35650 100
35960 100
36270 100
36580 100
36890 100
37200 100
37510 100
37820 100
38130 100
38440 100
38750 100
39060 100
39370 100
39680 100
39990 100
40300 100
40610 100
40920 100
41230 100
41540 100
41850 100
42160 100
42470 100
42780 100
43090 100
43400 100
43710 100
44020 100
44330 100
44640 100
44950 100
45260 100
45570 100
45880 100
46190 100
46500 100
46810 100
47120 100
47430 100
47740 100
48050 100
48360 100
48670 100
48980 100
49290 100
49600 100
49910 100
50220 100
50530 100
50840 100
51150 100
51460 100
51770 100
52080 100
52390 100
52700 100
53010 100
53320 100
53630 100
53940 100
54250 100
54560 100
54870 100
55180 100
55490 100
55800 100
56110 100
56420 100
56730 100
57040 100
57350 100
57660 100
57970 100
58280 3
58590 100
58900 100
59210 100
59520 100
59830 100
60140 100
60450 100
60760 100
61070 100
61380 100
61690 100
62000 100
62310 100
62620 100
62930 100
63240 100
63550 100
63860 100
64170 100
64480 100
64790 100
65100 100
65410 100
65720 100
66030 100
66340 100
66650 100
66960 100
67270 100
67580 100
67890 100
68200 100
68510 100
68820 100
69130 100
69440 100
69750 100
70060 100
70370 100
70680 100
70990 100
71300 100
71610 100
71920 100
72230 100
72540 100
72850 100
73160 100
73470 100
73780 100
74090 100
74400 100
74710 100
75020 100
75330 100
75640 100
75950 100
76260 100
76570 100
76880 100
77190 100
77500 100
77810 100
78120 100
78430 100
78740 100
79050 100
79360 100
79670 100
79980 100
80290 100
80600 100
80910 100
81220 100
81530 100
81840 100
82150 100
82460 100
82770 100
83080 100
83390 100
83700 100
84010 100
84320 100
84630 100
84940 100
85250 100
85560 100
85870 100
86180 100
86490 100
86800 100
87110 100
87420 100
87730 100
88040 100
88350 100
88660 100
88970 100
89280 100
89590 100
89900 100
90210 100
90520 100
90830 100
91140 100
91450 100
91760 100
92070 100
92380 100
92690 100
93000 100
93310 100
93620 100
93930 100
94240 100
94550 100
94860 100
95170 100
95480 100
95790 100
96100 100
96410 100
96720 100
97030 100
97340 100
97650 100
97960 100
98270 100
98580 100
98890 100
99200 100
99510 100
99820 100
100130 100
100440 100
100750 100
101060 100
101370 100
101680 100
101990 100
102300 100
102610 100
102920 100
103230 100
103540 100
103850 100
104160 100
104470 100
104780 100
105090 100
105400 100
105710 100
106020 100
106330 100
106640 100
106950 100
107260 100
107570 100
107880 100
108190 100
108500 100
108810 100
109120 100
109430 100
109740 100
110050 100
110360 100
110670 100
110980 100
111290 100
111600 100
111910 100
112220 100
112530 100
112840 100
113150 100
113460 100
113770 100
114080 100
114390 100
114700 100
115010 100
115320 100
115630 100
115940 100
116250 100
116560 100
116870 100
117180 100
117490 100
117800 100
118110 100
118420 100
118730 100
119040 100
119350 100
119660 100
119970 100
120280 100
120590 100
120900 100
121210 100
121520 100
121830 100
122140 100
122450 100
122760 100
123070 100
123380 100
123690 100
124000 100
124310 100
124620 100
124930 100
125240 100
125550 100
125860 100
126170 100
126480 100
126790 100
127100 100
127410 100
127720 100
128030 100
0 0
310 0
620 0
930 0
1240 0
1550 0
1860 0
2170 0
2480 0
2790 0
3100 0
3410 0
3720 0
4030 0
4340 0
4650 0
4960 0
5270 0
5580 0
5890 0
6200 0
6510 0
6820 0
7130 0
7440 0
7750 0
8060 0
8370 0
8680 0
8990 0
9300 0
9610 0
9920 0
10230 0
10540 0
10850 0
11160 0
11470 0
11780 0
12090 0
12400 0
12710 0
13020 0
13330 0
13640 0
13950 0
14260 0
14570 0
14880 0
15190 0
15500 0
15810 0
16120 0
16430 0
16740 0
17050 0
17360 0
17670 0
17980 0
18290 0
18600 0
18910 0
19220 0
19530 0
19840 0
20150 0
20460 0
20770 0
21080 0
21390 0
21700 0
22010 0
22320 0
22630 0
22940 0
23250 0
23560 0
23870 0
24180 0
24490 0
24800 0
25110 0
25420 0
25730 0
26040 0
26350 0
26660 0
26970 0
27280 0
27590 0
27900 0
28210 0
28520 0
28830 0
29140 0
29450 0
29760 0
30070 0
30380 0
30690 0
31000 0
31310 0
31620 0
31930 0
32240 0
32550 0
32860 0
33170 0
33480 0
33790 0
34100 0
34410 0
34720 0
35030 0
35340 0
35650 0
35960 0
36270 0
36580 0
36890 0
37200 0
37510 0
37820 0
38130 0
38440 0
38750 0
39060 0
39370 0
39680 0
39990 0
40300 0
40610 0
40920 0
41230 0
41540 0
41850 0
42160 0
42470 0
42780 0
43090 0
43400 0
43710 0
44020 0
44330 0
44640 0
44950 0
45260 0
45570 0
45880 0
46190 0
46500 0
46810 0
47120 0
47430 0
47740 0
48050 0
48360 0
48670 0
48980 0
49290 0
49600 0
49910 0
50220 0
50530 0
50840 0
51150 0
51460 0
51770 0
52080 0
52390 0
52700 0
53010 0
53320 0
53630 0
53940 0
54250 0
54560 0
54870 0
55180 0
55490 0
55800 0
56110 0
56420 0
56730 0
57040 0
57350 0
57660 0
57970 0
58280 0
58590 0
58900 0
59210 0
59520 0
59830 0
60140 0
60450 0
60760 0
61070 0
61380 0
61690 0
62000 0
62310 0
62620 0
62930 0
63240 0
63550 0
63860 0
64170 0
64480 0
64790 0
65100 0
65410 0
65720 0
66030 0
66340 0
66650 0
66960 0
67270 0
67580 0
67890 0
68200 0
68510 0
68820 0
69130 0
69440 0
69750 0
70060 0
70370 0
70680 0
70990 0
71300 0
71610 0
71920 0
72230 0
72540 0
72850 0
73160 0
73470 0
73780 0
74090 0
74400 0
74710 0
75020 0
75330 0
75640 0
75950 0
76260 0
76570 0
76880 0
77190 0
77500 0
77810 0
78120 0
78430 0
78740 0
79050 0
79360 0
79670 0
79980 0
80290 0
80600 0
80910 0
81220 0
81530 0
81840 0
82150 0
82460 0
82770 0
83080 0
83390 0
83700 0
84010 0
84320 0
84630 0
84940 0
85250 0
85560 0
85870 0
86180 0
86490 0
86800 0
87110 0
87420 0
87730 0
88040 0
88350 0
88660 0
88970 0
89280 0
89590 0
89900 0
90210 0
90520 0
90830 0
91140 0
91450 0
91760 0
92070 0
92380 0
92690 0
93000 0
93310 0
93620 0
93930 0
94240 0
94550 0
94860 0
95170 0
95480 0
95790 0
96100 0
96410 0
96720 0
97030 0
97340 0
97650 0
97960 0
98270 0
98580 0
98890 0
99200 0
99510 0
