550 359
0 100
278 100
556 100
834 100
1112 100
1390 100
1668 100
1946 100
2224 100
2502 100
2780 100
3058 100
3336 100
3614 100
3892 100
4170 100
4448 100
4726 100
5004 100
5282 100
5560 100
5838 100
6116 100
6394 100
6672 100
6950 100
7228 100
7506 100
7784 100
8062 100
8340 100
8618 100
8896 100
9174 100
9452 100
9730 100
10008 100
10286 100
10564 100
10842 100
11120 100
11398 100
11676 100
11954 100
12232 100
12510 100
12788 100
13066 100
13344 100
13622 100
13900 100
14178 100
14456 100
14734 100
15012 100
15290 100
15568 100
15846 100
16124 100
16402 100
16680 100
16958 100
17236 100
17514 100
17792 100
18070 100
18348 100
18626 100
18904 100
19182 100
19460 100
19738 100
20016 100
20294 100
20572 100
20850 100
21128 100
21406 100
21684 100
21962 100
22240 100
22518 100
22796 100
23074 100
23352 100
23630 100
23908 100
24186 100
24464 100
24742 100
25020 100
25298 100
25576 100
25854 100
26132 100
26410 100
26688 100
26966 100
27244 100
27522 100
27800 100
28078 100
28356 100
28634 100
28912 100
29190 100
29468 100
29746 100
30024 100
30302 100
30580 100
30858 100
31136 100
31414 100
31692 100
31970 100
32248 100
32526 100
32804 100
33082 100
33360 100
33638 100
33916 100
34194 100
34472 100
34750 100
35028 100
35306 100
35584 100
35862 100
36140 100
36418 100
36696 100
36974 100
37252 100
37530 100
37808 100
38086 100
38364 100
38642 100
38920 100
39198 100
39476 100
39754 100
40032 100
40310 100
40588 100
40866 100
41144 100
41422 100
41700 100
41978 100
42256 100
42534 100
42812 100
43090 3
43368 100
43646 100
43924 100
44202 100
44480 100
44758 100
45036 100
45314 100
45592 100
45870 100
46148 100
46426 100
46704 100
46982 100
47260 100
47538 100
47816 100
48094 100
48372 100
48650 100
48928 100
49206 100
49484 100
49762 100
50040 100
50318 100
50596 100
50874 100
51152 100
51430 100
51708 100
51986 100
52264 100
52542 100
52820 100
53098 100
53376 100
53654 100
53932 100
54210 100
54488 100
54766 100
55044 100
55322 100
55600 100
55878 100
56156 100
56434 100
56712 100
56990 100
57268 100
57546 100
57824 100
58102 100
58380 100
58658 100
58936 100
59214 100
59492 100
59770 100
60048 100
60326 100
60604 100
60882 100
61160 100
61438 100
61716 100
61994 100
62272 100
62550 100
62828 100
63106 100
63384 100
63662 100
63940 100
64218 100
64496 100
64774 100
65052 100
65330 100
65608 100
65886 100
66164 100
66442 100
66720 100
66998 100
67276 100
67554 100
67832 100
68110 100
68388 100
68666 100
68944 100
69222 100
69500 100
69778 100
70056 100
70334 100
70612 100
70890 100
71168 100
71446 100
71724 100
72002 100
72280 100
72558 100
72836 100
73114 100
73392 100
73670 100
73948 100
74226 100
74504 100
74782 100
75060 100
75338 100
75616 100
75894 100
76172 100
76450 100
76728 100
77006 100
77284 100
77562 100
77840 100
78118 100
78396 100
78674 100
78952 100
79230 100
79508 100
79786 100
80064 100
80342 100
80620 100
80898 100
81176 100
81454 100
81732 100
82010 100
82288 100
82566 100
82844 100
83122 100
83400 100
83678 100
83956 100
84234 100
84512 100
84790 100
85068 100
85346 100
85624 100
85902 100
86180 100
86458 100
86736 100
87014 100
87292 100
87570 100
87848 100
88126 100
88404 100
88682 100
88960 100
89238 100
89516 100
89794 100
90072 100
90350 100
90628 100
90906 100
91184 100
91462 100
91740 100
92018 100
92296 100
92574 100
92852 100
93130 100
93408 100
93686 100
93964 100
94242 100
94520 100
94798 100
95076 100
95354 100
95632 100
95910 100
96188 100
96466 100
96744 100
97022 100
97300 100
97578 100
97856 100
98134 100
98412 100
98690 100
98968 100
99246 100
99524 100
99802 100
100080 100
100358 100
100636 100
100914 100
101192 100
101470 100
101748 100
102026 100
102304 100
102582 100
102860 100
103138 100
103416 100
103694 100
103972 100
104250 100
104528 100
104806 100
105084 100
105362 100
105640 100
105918 100
106196 100
106474 100
106752 100
107030 100
107308 100
107586 100
107864 100
108142 100
108420 100
108698 100
108976 100
109254 100
109532 100
109810 100
110088 100
110366 100
110644 100
110922 100
111200 100
111478 100
111756 100
112034 100
112312 100
112590 100
112868 100
113146 100
113424 100
113702 100
113980 100
114258 100
114536 100
114814 100
115092 100
115370 100
115648 100
115926 100
116204 100
116482 100
116760 100
117038 100
117316 100
117594 100
117872 100
118150 100
118428 100
118706 100
118984 100
119262 100
119540 100
119818 100
120096 100
120374 100
120652 100
120930 100
121208 100
121486 100
121764 100
122042 100
122320 100
122598 100
122876 100
123154 100
123432 100
123710 100
123988 100
124266 100
124544 100
124822 100
125100 100
125378 100
125656 100
125934 100
126212 100
126490 100
126768 100
127046 100
127324 100
127602 100
127880 100
128158 100
128436 100
128714 100
128992 100
129270 100
129548 100
129826 100
130104 100
130382 100
130660 100
130938 100
131216 100
131494 100
131772 100
132050 100
132328 100
132606 100
132884 100
133162 100
133440 100
133718 100
133996 100
134274 100
134552 100
134830 100
135108 100
135386 100
135664 100
135942 100
136220 100
136498 100
136776 100
137054 100
137332 100
137610 100
137888 100
138166 100
138444 100
138722 100
139000 100
139278 100
139556 100
139834 100
140112 100
140390 100
140668 100
140946 100
141224 100
141502 100
141780 100
142058 100
142336 100
142614 100
142892 100
143170 100
143448 100
143726 100
144004 100
144282 100
144560 100
144838 100
145116 100
145394 100
145672 100
145950 100
146228 100
146506 100
146784 100
147062 100
147340 100
147618 100
147896 100
148174 100
148452 100
148730 100
149008 100
149286 100
149564 100
149842 100
150120 100
150398 100
150676 100
150954 100
151232 100
151510 100
151788 100
152066 100
152344 100
152622 100
0 0
278 0
556 0
834 0
1112 0
1390 0
1668 0
1946 0
2224 0
2502 0
2780 0
3058 0
3336 0
3614 0
3892 0
4170 0
4448 0
4726 0
5004 0
5282 0
5560 0
5838 0
6116 0
6394 0
6672 0
6950 0
7228 0
7506 0
7784 0
8062 0
8340 0
8618 0
8896 0
9174 0
9452 0
9730 0
10008 0
10286 0
10564 0
10842 0
11120 0
11398 0
11676 0
11954 0
12232 0
12510 0
12788 0
13066 0
13344 0
13622 0
13900 0
14178 0
14456 0
14734 0
15012 0
15290 0
15568 0
15846 0
16124 0
16402 0
16680 0
16958 0
17236 0
17514 0
17792 0
18070 0
18348 0
18626 0
18904 0
19182 0
19460 0
19738 0
20016 0
20294 0
20572 0
20850 0
21128 0
21406 0
21684 0
21962 0
22240 0
22518 0
22796 0
23074 0
23352 0
23630 0
23908 0
24186 0
24464 0
24742 0
25020 0
25298 0
25576 0
25854 0
26132 0
26410 0
26688 0
26966 0
27244 0
27522 0
27800 0
28078 0
28356 0
28634 0
28912 0
29190 0
29468 0
29746 0
30024 0
30302 0
30580 0
30858 0
31136 0
31414 0
31692 0
31970 0
32248 0
32526 0
32804 0
33082 0
33360 0
33638 0
33916 0
34194 0
34472 0
34750 0
35028 0
35306 0
35584 0
35862 0
36140 0
36418 0
36696 0
36974 0
37252 0
37530 0
37808 0
38086 0
38364 0
38642 0
38920 0
39198 0
39476 0
39754 0
40032 0
40310 0
40588 0
40866 0
41144 0
41422 0
41700 0
41978 0
42256 0
42534 0
42812 0
43090 0
43368 0
43646 0
43924 0
44202 0
44480 0
44758 0
45036 0
45314 0
45592 0
45870 0
46148 0
46426 0
46704 0
46982 0
47260 0
47538 0
47816 0
48094 0
48372 0
48650 0
48928 0
49206 0
49484 0
49762 0
50040 0
50318 0
50596 0
50874 0
51152 0
51430 0
51708 0
51986 0
52264 0
52542 0
52820 0
53098 0
53376 0
53654 0
53932 0
54210 0
54488 0
54766 0
55044 0
55322 0
55600 0
55878 0
56156 0
56434 0
56712 0
56990 0
57268 0
57546 0
57824 0
58102 0
58380 0
58658 0
58936 0
59214 0
59492 0
59770 0
60048 0
60326 0
60604 0
60882 0
61160 0
61438 0
61716 0
61994 0
62272 0
62550 0
62828 0
63106 0
63384 0
63662 0
63940 0
64218 0
64496 0
64774 0
65052 0
65330 0
65608 0
65886 0
66164 0
66442 0
66720 0
66998 0
67276 0
67554 0
67832 0
68110 0
68388 0
68666 0
68944 0
69222 0
69500 0
69778 0
70056 0
70334 0
70612 0
70890 0
71168 0
71446 0
71724 0
72002 0
72280 0
72558 0
72836 0
73114 0
73392 0
73670 0
73948 0
74226 0
74504 0
74782 0
75060 0
75338 0
75616 0
75894 0
76172 0
76450 0
76728 0
77006 0
77284 0
77562 0
77840 0
78118 0
78396 0
78674 0
78952 0
79230 0
79508 0
79786 0
80064 0
80342 0
80620 0
80898 0
81176 0
81454 0
81732 0
82010 0
82288 0
82566 0
82844 0
83122 0
83400 0
83678 0
83956 0
84234 0
84512 0
84790 0
85068 0
85346 0
85624 0
85902 0
86180 0
86458 0
86736 0
87014 0
87292 0
87570 0
87848 0
88126 0
88404 0
88682 0
88960 0
89238 0
89516 0
89794 0
90072 0
90350 0
90628 0
90906 0
91184 0
91462 0
91740 0
92018 0
92296 0
92574 0
92852 0
93130 0
93408 0
93686 0
93964 0
94242 0
94520 0
94798 0
95076 0
95354 0
95632 0
95910 0
96188 0
96466 0
96744 0
97022 0
97300 0
97578 0
97856 0
98134 0
98412 0
98690 0
98968 0
99246 0
99524 0
