77
98 191
86 98
6 86
6 129
129 186
114 186
114 167
111 167
74 111
74 126
81 126
81 131
131 180
113 180
113 175
103 175
103 194
65 194
65 152
82 152
67 82
67 79
79 157
99 157
99 168
168 181
138 181
102 138
100 102
100 173
31 173
31 65
58 65
58 157
157 175
36 175
36 58
49 58
44 49
44 75
75 96
96 141
26 141
26 38
22 38
22 153
116 153
100 116
20 100
20 177
70 177
70 194
120 194
5 120
0 5
0 49
49 183
50 183
50 66
66 150
28 150
28 85
85 164
164 177
17 177
17 19
3 19
3 138
138 152
69 152
25 69
25 146
85 146
85 117
39 117
39 111
102 111
