111
63 69
5 63
5 147
35 147
35 78
78 99
48 99
48 101
101 105
105 144
23 144
23 141
88 141
88 124
124 171
158 171
148 158
99 148
99 179
81 179
21 81
16 21
16 72
20 72
20 197
186 197
138 186
39 138
39 107
107 128
69 128
69 71
14 71
14 127
12 127
12 160
15 160
4 15
4 69
69 152
152 192
80 192
9 80
9 144
144 159
159 186
165 186
118 165
118 189
160 189
109 160
109 172
13 172
6 13
6 96
96 120
41 120
29 41
29 197
161 197
56 161
56 182
16 182
16 88
73 88
21 73
21 52
52 157
66 157
66 82
82 180
167 180
24 167
24 31
31 110
74 110
74 111
57 111
45 57
45 150
137 150
137 143
141 143
22 141
22 52
52 173
145 173
145 186
179 186
139 179
72 139
14 72
14 125
125 126
126 155
155 179
110 179
43 110
15 43
15 134
51 134
51 74
74 88
86 88
15 86
15 136
0 136
0 83
83 162
53 162
53 109
