318
30 99
44 99
4 44
4 8
8 99
18 99
18 126
126 194
95 194
95 175
168 175
167 168
167 198
62 198
50 62
50 148
111 148
111 136
80 136
80 97
1 97
1 155
112 155
112 140
111 140
111 144
123 144
123 167
4 167
4 60
60 143
107 143
8 107
8 113
113 167
11 167
11 135
14 135
14 120
120 140
63 140
63 177
172 177
161 172
91 161
43 91
43 160
91 160
91 118
118 167
167 180
86 180
39 86
39 165
144 165
64 144
64 84
84 117
117 150
1 150
1 54
54 146
90 146
90 105
105 178
29 178
29 65
65 124
124 158
152 158
113 152
112 113
26 112
18 26
18 194
191 194
1 191
1 2
2 137
19 137
19 103
103 195
195 197
49 197
49 124
124 184
177 184
8 177
8 40
40 178
176 178
78 176
11 78
11 146
146 155
60 155
60 170
130 170
130 184
104 184
92 104
92 153
153 174
103 174
103 109
109 131
33 131
33 160
160 199
193 199
63 193
63 127
78 127
78 178
84 178
84 158
17 158
17 67
67 81
81 173
5 173
5 151
65 151
65 140
121 140
17 121
17 179
44 179
44 103
84 103
0 84
0 158
87 158
59 87
58 59
58 94
13 94
13 34
34 193
97 193
19 97
19 75
66 75
66 124
75 124
52 75
52 100
35 100
35 90
90 100
100 128
68 128
68 108
108 139
30 139
30 46
46 128
21 128
21 89
89 174
77 174
77 133
29 133
29 146
146 148
66 148
29 66
29 48
48 102
102 177
99 177
37 99
37 39
39 169
169 187
164 187
52 164
9 52
9 71
20 71
20 138
63 138
14 63
14 136
126 136
126 158
112 158
7 112
7 170
6 170
6 198
90 198
67 90
67 141
37 141
37 142
142 151
51 151
51 95
95 102
60 102
60 160
149 160
84 149
84 119
119 137
4 137
4 12
12 67
59 67
8 59
8 71
50 71
50 128
128 170
9 170
9 159
53 159
53 143
46 143
46 130
83 130
83 135
135 178
90 178
59 90
59 92
92 150
150 179
62 179
62 178
55 178
55 146
53 146
33 53
33 120
108 120
108 114
105 114
97 105
20 97
20 52
28 52
28 101
101 149
7 149
2 7
2 121
8 121
8 148
24 148
24 154
96 154
95 96
4 95
3 4
3 21
21 159
156 159
133 156
133 162
39 162
5 39
5 35
35 129
129 158
50 158
50 145
59 145
42 59
17 42
17 95
95 168
49 168
32 49
29 32
29 174
113 174
113 144
37 144
37 54
31 54
31 125
24 125
24 142
121 142
121 180
119 180
62 119
62 162
162 167
42 167
42 63
63 192
171 192
168 171
42 168
42 47
47 170
57 170
57 146
126 146
67 126
54 67
54 155
155 167
97 167
97 135
24 135
24 45
45 150
50 150
50 103
103 140
140 153
28 153
28 44
44 114
