888
90 196
90 146
117 146
47 117
47 59
59 170
33 170
33 67
67 167
64 167
64 103
97 103
57 97
57 187
144 187
144 151
151 172
172 184
136 184
6 136
6 109
42 109
42 59
59 158
140 158
35 140
4 35
4 183
0 183
0 148
127 148
127 153
134 153
68 134
68 73
73 149
149 179
117 179
115 117
8 115
8 159
122 159
27 122
27 73
73 152
120 152
111 120
28 111
28 35
35 156
97 156
4 97
4 73
73 114
114 181
63 181
63 200
196 200
3 196
3 173
82 173
82 125
125 137
59 137
59 153
153 154
154 155
121 155
96 121
1 96
1 65
36 65
36 157
65 157
21 65
10 21
10 98
92 98
92 151
1 151
1 101
101 146
13 146
13 162
25 162
25 85
84 85
84 137
127 137
127 185
99 185
78 99
40 78
40 142
142 164
77 164
77 168
127 168
127 164
128 164
115 128
105 115
67 105
67 134
48 134
48 171
140 171
81 140
47 81
11 47
11 14
14 164
162 164
98 162
98 153
149 153
149 163
145 163
38 145
38 58
28 58
28 94
29 94
29 41
41 94
59 94
59 130
53 130
53 64
9 64
9 86
12 86
12 119
119 191
104 191
104 187
35 187
35 93
93 164
38 164
38 139
12 139
12 142
95 142
69 95
69 166
166 189
122 189
122 168
123 168
4 123
4 43
43 122
36 122
36 179
179 194
78 194
78 110
58 110
58 160
128 160
128 144
44 144
27 44
27 60
60 173
43 173
43 145
23 145
23 89
89 161
161 176
176 180
85 180
85 166
39 166
39 91
60 91
60 115
108 115
108 113
113 195
45 195
45 99
99 150
104 150
104 181
55 181
55 187
30 187
30 144
144 145
96 145
96 167
16 167
16 109
109 116
116 127
18 127
18 130
120 130
120 195
22 195
18 22
18 29
29 39
39 142
2 142
2 138
28 138
28 143
66 143
43 66
43 108
108 162
42 162
42 65
65 73
73 157
93 157
0 93
0 102
18 102
18 183
128 183
110 128
67 110
15 67
15 97
46 97
46 132
132 140
137 140
137 142
142 182
24 182
24 148
140 148
54 140
54 142
27 142
27 116
44 116
44 141
141 158
158 195
67 195
67 112
40 112
40 151
66 151
64 66
36 64
36 131
131 189
14 189
14 89
28 89
28 130
19 130
19 41
17 41
17 148
135 148
135 155
123 155
114 123
114 118
2 118
2 148
95 148
88 95
88 179
170 179
34 170
34 178
39 178
39 157
114 157
48 114
48 173
12 173
12 191
115 191
69 115
69 140
140 185
39 185
39 86
86 169
124 169
84 124
76 84
76 151
48 151
28 48
28 120
2 120
2 177
177 192
145 192
77 145
77 107
44 107
44 122
122 173
165 173
84 165
49 84
44 49
44 200
99 200
27 99
27 33
33 44
44 93
1 93
1 100
39 100
39 125
125 156
18 156
18 82
27 82
27 170
60 170
22 60
9 22
9 144
144 168
137 168
137 178
178 193
109 193
28 109
28 168
168 184
24 184
24 130
130 163
163 170
70 170
70 80
80 108
108 122
81 122
78 81
76 78
76 93
93 98
94 98
94 147
77 147
77 159
72 159
72 180
9 180
9 145
145 172
15 172
15 145
145 157
33 157
33 59
59 166
117 166
51 117
51 198
79 198
79 192
74 192
74 83
62 83
19 62
19 188
3 188
3 52
52 109
75 109
75 128
19 128
19 77
77 174
68 174
68 113
8 113
8 73
73 123
45 123
16 45
16 39
39 171
138 171
138 188
124 188
89 124
89 169
100 169
100 155
142 155
3 142
3 189
134 189
76 134
58 76
58 74
18 74
11 18
11 153
36 153
36 156
49 156
49 99
99 191
166 191
127 166
127 135
0 135
0 112
27 112
2 27
2 57
57 192
163 192
163 180
89 180
89 108
108 143
34 143
34 181
181 187
48 187
41 48
41 54
4 54
4 131
85 131
85 97
97 170
93 170
6 93
6 82
59 82
59 90
90 129
66 129
55 66
55 158
9 158
9 101
101 170
12 170
12 38
38 152
77 152
45 77
45 154
154 188
25 188
25 194
168 194
141 168
89 141
89 126
73 126
73 162
135 162
13 135
13 98
15 98
15 84
84 104
23 104
23 96
96 103
81 103
0 81
0 76
76 166
65 166
65 134
42 134
7 42
7 131
60 131
60 110
110 159
57 159
57 194
7 194
7 159
108 159
108 189
6 189
6 131
83 131
55 83
55 102
102 116
116 199
21 199
21 30
30 54
54 144
52 144
45 52
45 87
87 142
70 142
70 75
75 100
53 100
53 189
149 189
125 149
104 125
104 113
81 113
81 151
86 151
86 98
98 144
144 199
122 199
37 122
37 40
40 143
143 193
22 193
22 90
90 169
49 169
3 49
3 40
40 188
79 188
56 79
56 85
85 169
81 169
81 82
82 163
91 163
91 185
175 185
173 175
15 173
15 165
6 165
6 182
130 182
130 164
49 164
49 190
147 190
12 147
12 156
83 156
70 83
70 148
148 150
150 155
36 155
36 174
111 174
111 149
90 149
34 90
34 62
0 62
0 74
74 194
161 194
48 161
8 48
8 61
61 178
178 184
184 198
47 198
47 101
17 101
17 38
38 123
63 123
63 86
82 86
82 160
75 160
75 86
86 96
96 123
123 136
56 136
56 200
76 200
76 82
82 179
40 179
40 168
21 168
21 40
40 136
17 136
17 39
39 50
50 188
169 188
14 169
14 116
116 123
20 123
20 172
85 172
60 85
60 137
102 137
102 125
92 125
49 92
15 49
15 50
50 193
61 193
61 79
39 79
35 39
19 35
19 199
8 199
8 167
167 190
22 190
22 178
156 178
105 156
46 105
46 120
120 129
97 129
70 97
70 200
21 200
21 190
95 190
1 95
1 166
164 166
109 164
109 140
70 140
70 197
102 197
102 180
97 180
31 97
31 185
11 185
11 77
77 192
60 192
60 194
5 194
5 115
49 115
49 97
52 97
46 52
46 200
43 200
43 174
136 174
44 136
44 79
27 79
27 150
91 150
91 199
159 199
154 159
149 154
84 149
10 84
10 199
65 199
11 65
11 33
33 66
66 140
140 167
1 167
1 76
76 121
117 121
117 161
68 161
68 166
71 166
67 71
67 151
151 153
74 153
74 148
145 148
145 184
66 184
66 177
77 177
54 77
18 54
18 98
49 98
49 180
149 180
139 149
79 139
2 79
2 104
87 104
83 87
83 141
141 185
90 185
11 90
11 159
97 159
75 97
75 192
20 192
20 112
50 112
42 50
11 42
11 39
39 180
147 180
147 168
101 168
25 101
25 26
26 118
9 118
9 111
70 111
70 158
106 158
32 106
32 115
33 115
33 74
32 74
17 32
17 166
54 166
42 54
42 64
64 161
153 161
153 181
181 188
70 188
44 70
44 129
129 141
141 159
99 159
99 104
104 156
30 156
30 118
34 118
33 34
33 37
37 155
96 155
96 172
35 172
35 108
108 150
115 150
115 174
172 174
142 172
23 142
23 78
5 78
5 35
35 81
81 199
152 199
116 152
116 118
57 118
57 110
110 149
88 149
88 147
42 147
42 182
17 182
17 140
41 140
41 56
56 114
111 114
95 111
6 95
6 198
152 198
152 155
84 155
84 143
122 143
122 145
80 145
34 80
34 174
108 174
16 108
16 157
130 157
121 130
121 134
134 166
166 190
7 190
7 84
6 84
6 180
83 180
83 93
19 93
19 54
37 54
37 125
112 125
112 181
9 181
9 87
87 95
95 122
1 122
1 35
32 35
32 198
110 198
110 151
95 151
95 103
85 103
85 154
123 154
123 189
111 189
19 111
19 80
80 155
73 155
5 73
5 95
95 106
57 106
49 57
49 66
66 105
44 105
40 44
40 64
17 64
17 43
43 131
131 200
81 200
16 81
16 173
173 182
43 182
43 130
87 130
87 96
7 96
7 149
52 149
30 52
30 63
29 63
19 29
19 191
