970
15 131
32 131
32 149
31 149
20 31
20 153
17 153
17 161
161 197
73 197
73 159
57 159
57 106
0 106
0 80
56 80
56 120
39 120
39 165
52 165
52 87
59 87
59 124
124 179
54 179
54 109
3 109
3 21
21 72
6 72
6 60
60 103
103 130
36 130
36 162
162 187
107 187
107 194
183 194
41 183
41 85
57 85
8 57
8 186
169 186
16 169
16 76
76 99
54 99
42 54
42 60
60 198
31 198
31 97
97 175
175 185
185 196
151 196
151 161
0 161
0 130
130 132
100 132
100 189
189 190
68 190
68 122
17 122
17 50
50 192
49 192
49 133
95 133
95 186
140 186
89 140
77 89
22 77
22 75
54 75
54 120
120 125
92 125
65 92
65 82
82 191
150 191
144 150
85 144
85 87
87 139
139 163
96 163
62 96
24 62
24 98
42 98
42 181
1 181
1 98
98 104
104 191
80 191
80 128
66 128
66 114
114 128
79 128
62 79
62 131
131 171
92 171
66 92
66 116
60 116
60 192
103 192
103 157
61 157
61 144
55 144
55 101
101 102
46 102
46 80
80 120
120 123
123 197
141 197
3 141
3 181
102 181
102 189
143 189
94 143
82 94
4 82
4 192
27 192
4 27
4 50
50 90
90 156
154 156
43 154
43 97
97 167
106 167
106 139
39 139
39 90
90 187
174 187
11 174
11 119
3 119
3 161
119 161
119 162
54 162
32 54
32 177
97 177
97 124
124 183
4 183
4 29
29 103
94 103
49 94
49 85
42 85
25 42
25 63
63 73
73 100
97 100
11 97
11 98
64 98
44 64
29 44
29 113
113 183
105 183
79 105
42 79
42 158
25 158
25 109
4 109
4 85
85 142
80 142
80 101
34 101
34 118
118 138
138 196
177 196
40 177
40 199
118 199
118 149
149 161
161 162
162 193
151 193
136 151
136 146
146 188
133 188
133 143
128 143
128 167
58 167
58 155
117 155
41 117
41 106
106 177
91 177
58 91
58 146
31 146
31 122
122 136
12 136
12 94
94 128
77 128
6 77
6 17
17 58
58 92
92 105
49 105
49 60
60 111
111 153
23 153
23 125
83 125
62 83
31 62
31 152
80 152
80 108
108 119
54 119
54 196
147 196
113 147
4 113
4 69
47 69
12 47
1 12
1 134
63 134
63 67
67 68
68 161
161 188
71 188
71 108
108 146
146 177
33 177
33 160
125 160
84 125
52 84
52 172
172 182
104 182
104 111
111 190
86 190
86 126
126 145
32 145
32 79
78 79
78 190
54 190
23 54
23 61
61 124
67 124
39 67
13 39
13 43
43 132
71 132
71 186
46 186
46 137
33 137
33 51
51 200
171 200
57 171
57 157
130 157
18 130
18 190
31 190
31 133
78 133
78 188
158 188
40 158
40 104
104 144
144 159
4 159
4 26
26 40
40 81
81 114
114 155
155 186
177 186
19 177
19 25
25 79
3 79
3 91
21 91
1 21
1 107
93 107
93 155
155 189
27 189
27 56
56 112
112 175
51 175
51 52
34 52
34 141
2 141
2 14
14 45
19 45
19 194
156 194
35 156
35 115
115 180
170 180
55 170
12 55
12 44
19 44
19 167
167 184
30 184
30 53
14 53
14 60
60 110
22 110
22 192
127 192
102 127
102 171
139 171
139 165
156 165
30 156
30 170
86 170
86 189
167 189
49 167
49 130
130 177
141 177
19 141
19 81
81 120
61 120
61 185
63 185
63 167
167 178
156 178
46 156
18 46
18 166
166 181
22 181
22 76
41 76
41 111
35 111
35 141
100 141
10 100
10 110
110 161
132 161
37 132
37 44
44 83
83 170
153 170
102 153
8 102
4 8
4 199
57 199
57 87
87 95
95 181
175 181
91 175
57 91
57 82
82 170
62 170
62 190
10 190
10 75
75 170
67 170
67 197
171 197
27 171
27 116
46 116
46 64
64 112
45 112
45 183
58 183
10 58
10 138
62 138
62 175
6 175
6 23
23 110
75 110
24 75
15 24
15 130
130 171
16 171
16 101
69 101
69 80
59 80
9 59
9 41
41 67
51 67
51 128
38 128
38 91
91 130
50 130
50 94
94 187
69 187
69 134
134 190
94 190
94 197
153 197
133 153
133 171
56 171
56 100
37 100
32 37
29 32
5 29
5 190
37 190
37 164
164 195
195 199
30 199
30 64
64 151
144 151
32 144
32 136
56 136
24 56
24 85
85 184
1 184
1 186
163 186
25 163
25 31
31 107
92 107
92 193
42 193
42 112
98 112
98 157
22 157
22 185
113 185
113 182
160 182
42 160
18 42
8 18
8 58
58 175
120 175
10 120
10 121
121 161
66 161
39 66
39 108
108 148
66 148
66 120
120 134
51 134
51 143
143 144
18 144
18 196
106 196
106 129
96 129
96 158
112 158
112 169
169 171
160 171
103 160
78 103
4 78
4 134
128 134
128 165
157 165
58 157
58 62
62 157
51 157
18 51
18 64
2 64
2 83
65 83
65 118
12 118
12 68
48 68
48 196
141 196
141 158
158 165
67 165
67 95
95 149
149 160
4 160
4 63
63 169
36 169
36 86
40 86
40 178
2 178
2 73
73 167
85 167
85 127
127 172
161 172
54 161
41 54
41 82
67 82
67 117
117 120
97 120
97 142
34 142
34 51
51 197
75 197
75 153
139 153
49 139
49 175
63 175
7 63
7 198
79 198
31 79
31 129
129 143
143 162
14 162
14 191
87 191
87 149
25 149
25 98
98 186
40 186
40 136
136 168
168 172
172 180
84 180
84 96
96 153
148 153
42 148
42 132
132 157
157 162
140 162
82 140
82 194
109 194
69 109
69 123
2 123
2 133
75 133
75 78
37 78
37 189
14 189
14 128
27 128
27 86
86 110
6 110
6 108
103 108
103 184
73 184
73 118
118 174
67 174
33 67
33 140
11 140
11 150
99 150
99 137
137 156
60 156
60 77
77 193
15 193
15 43
43 147
95 147
40 95
40 162
162 174
153 174
95 153
95 169
152 169
49 152
49 131
66 131
66 83
83 198
195 198
53 195
53 181
181 198
142 198
11 142
11 30
30 31
31 170
121 170
121 137
137 192
51 192
51 76
57 76
54 57
54 191
183 191
131 183
87 131
87 195
170 195
51 170
51 110
42 110
42 156
138 156
84 138
49 84
49 79
79 113
104 113
104 139
139 160
107 160
107 200
125 200
125 190
83 190
45 83
45 190
70 190
70 184
120 184
44 120
44 184
184 191
77 191
77 105
42 105
42 134
97 134
97 99
99 153
37 153
37 199
56 199
56 173
116 173
34 116
34 195
83 195
27 83
27 45
45 158
158 192
110 192
96 110
23 96
23 135
135 191
163 191
163 170
170 193
9 193
9 162
43 162
43 152
152 184
79 184
79 108
35 108
35 109
68 109
45 68
45 105
105 116
116 142
62 142
62 136
70 136
1 70
1 183
28 183
28 105
105 160
11 160
11 159
2 159
2 88
88 124
7 124
7 135
130 135
130 141
90 141
31 90
31 177
79 177
79 165
126 165
77 126
65 77
65 183
153 183
43 153
43 194
50 194
50 54
54 106
17 106
17 21
21 156
156 196
103 196
103 175
153 175
117 153
117 127
127 154
58 154
58 81
81 98
98 166
158 166
77 158
36 77
35 36
35 181
110 181
31 110
31 144
103 144
103 174
88 174
88 150
90 150
66 90
66 79
79 97
97 116
85 116
85 185
107 185
49 107
49 98
98 105
54 105
54 94
94 147
63 147
63 102
48 102
33 48
33 136
51 136
51 99
99 125
125 149
149 158
153 158
115 153
96 115
96 193
26 193
26 156
156 176
176 197
163 197
163 195
179 195
175 179
45 175
45 145
80 145
28 80
28 40
40 89
2 89
2 3
3 147
67 147
67 74
30 74
30 171
38 171
38 195
65 195
65 160
147 160
87 147
87 119
119 189
138 189
93 138
35 93
35 143
137 143
77 137
77 154
105 154
105 197
91 197
4 91
4 171
24 171
24 115
4 115
4 28
28 195
58 195
58 152
128 152
128 173
122 173
122 126
126 155
155 173
96 173
96 184
55 184
55 132
111 132
82 111
82 187
9 187
9 68
68 197
150 197
118 150
13 118
13 149
148 149
129 148
99 129
47 99
47 87
44 87
44 175
72 175
72 124
124 188
134 188
59 134
59 81
11 81
11 50
8 50
8 197
118 197
59 118
59 128
62 128
62 144
37 144
30 37
30 177
167 177
59 167
59 137
104 137
104 151
151 157
10 157
10 158
43 158
43 144
144 156
142 156
4 142
4 181
31 181
31 52
52 180
145 180
9 145
9 118
118 164
119 164
119 184
0 1
