599
141 142
73 142
73 84
84 116
109 116
109 143
143 193
126 193
48 126
48 78
78 79
53 79
53 120
120 121
31 121
31 147
40 147
40 63
63 73
31 73
31 140
95 140
95 179
136 179
19 136
19 161
76 161
16 76
16 159
9 159
9 178
31 178
31 44
7 44
7 23
23 138
74 138
74 161
153 161
108 153
72 108
56 72
56 200
163 200
163 191
11 191
11 164
148 164
81 148
15 81
15 58
58 169
169 184
90 184
53 90
53 140
140 159
15 159
7 15
7 45
45 71
25 71
25 101
101 127
127 198
105 198
6 105
6 192
153 192
149 153
20 149
20 47
47 151
114 151
7 114
7 25
25 175
174 175
81 174
81 190
148 190
16 148
16 65
65 122
6 122
6 16
16 120
120 123
23 123
23 67
67 157
144 157
144 199
172 199
85 172
85 178
53 178
53 66
66 198
112 198
31 112
21 31
21 111
103 111
103 116
116 172
37 172
37 174
105 174
45 105
45 198
103 198
103 135
48 135
48 94
69 94
69 177
51 177
3 51
3 15
15 52
43 52
43 92
86 92
26 86
26 146
146 186
11 186
11 52
52 198
125 198
125 184
22 184
22 123
123 187
159 187
49 159
49 102
99 102
57 99
0 57
0 73
73 157
157 194
108 194
108 119
119 147
26 147
26 73
73 192
180 192
1 180
1 172
152 172
7 152
7 38
38 43
43 103
61 103
61 85
52 85
1 52
1 109
85 109
85 191
191 200
121 200
7 121
7 119
29 119
29 136
57 136
57 84
84 150
150 199
112 199
25 112
25 56
56 92
92 188
30 188
30 64
64 160
160 194
146 194
146 196
80 196
80 155
19 155
19 188
84 188
81 84
81 182
37 182
37 100
100 138
138 183
58 183
58 143
95 143
95 193
1 193
1 83
20 83
20 39
39 105
105 200
60 200
60 130
130 143
35 143
35 96
55 96
21 55
21 149
58 149
18 58
18 80
80 170
163 170
141 163
112 141
45 112
45 147
49 147
38 49
38 77
77 171
17 171
17 193
116 193
116 134
20 134
20 90
50 90
23 50
23 128
124 128
53 124
53 85
23 85
23 172
6 172
6 63
63 178
62 178
62 146
85 146
56 85
56 164
29 164
29 72
72 114
114 141
141 174
34 174
34 40
40 182
12 182
12 65
65 145
145 198
20 198
7 20
7 69
26 69
26 172
172 181
62 181
62 161
59 161
59 66
60 66
60 172
44 172
44 56
56 144
103 144
73 103
73 80
80 146
3 146
3 178
178 198
126 198
126 185
118 185
118 146
91 146
78 91
49 78
49 182
4 182
1 4
1 43
6 43
6 183
88 183
88 121
80 121
80 199
118 199
100 118
100 131
131 147
79 147
79 190
174 190
72 174
72 138
26 138
26 66
66 98
98 150
85 150
72 85
72 110
14 110
14 118
75 118
75 94
94 134
11 134
11 22
22 133
133 152
152 197
45 197
45 57
57 153
71 153
12 71
12 95
95 144
144 148
148 152
152 157
47 157
47 169
30 169
16 30
16 70
70 88
88 124
124 187
161 187
30 161
30 35
1 35
1 189
169 189
3 169
3 40
40 43
42 43
10 42
10 160
96 160
96 173
50 173
50 194
129 194
85 129
85 107
27 107
27 142
31 142
31 45
45 107
19 107
19 93
93 124
109 124
68 109
68 82
4 82
4 177
149 177
4 149
4 7
7 133
40 133
40 92
92 156
79 156
79 152
152 170
8 170
8 58
58 111
111 157
5 157
5 112
104 112
70 104
70 148
40 148
40 90
10 90
5 10
5 158
113 158
44 113
44 124
124 161
161 194
141 194
141 184
129 184
99 129
59 99
59 143
82 143
58 82
48 58
1 48
1 28
28 64
64 118
118 124
51 124
39 51
39 190
121 190
78 121
78 149
149 155
155 159
159 200
13 200
13 150
93 150
2 93
2 53
24 53
24 197
113 197
76 113
12 76
12 23
23 198
122 198
122 151
80 151
80 83
76 83
76 124
96 124
91 96
15 91
15 29
29 60
60 124
10 124
10 107
68 107
28 68
28 73
73 91
86 91
86 101
101 105
105 126
126 191
57 191
57 195
131 195
73 131
73 156
145 156
145 170
77 170
77 161
111 161
7 111
7 11
11 49
49 75
75 84
84 88
88 119
119 145
86 145
86 135
135 160
160 190
53 190
53 196
2 196
2 129
129 154
154 178
163 178
103 163
103 190
95 190
47 95
47 111
111 132
132 140
140 170
122 170
122 127
50 127
50 111
38 111
38 128
28 128
28 170
70 170
70 156
52 156
12 52
12 132
97 132
97 165
154 165
10 154
10 149
130 149
55 130
55 162
162 194
2 194
2 97
50 97
50 81
57 81
57 132
37 132
37 84
84 141
141 197
23 197
23 98
27 98
27 172
92 172
92 94
5 94
5 47
47 117
117 184
19 184
14 19
14 146
103 146
103 199
128 199
111 128
111 139
14 139
14 160
88 160
88 111
39 111
39 72
31 72
31 107
44 107
44 143
97 143
22 97
22 143
143 149
17 149
17 65
65 146
146 173
107 173
107 128
128 184
76 184
31 76
31 129
4 129
4 106
63 106
63 150
9 150
9 139
139 150
59 150
59 88
52 88
9 52
9 169
2 169
2 144
50 144
50 89
89 114
110 114
110 190
47 190
47 154
154 195
104 195
104 183
