665
105 133
105 126
126 147
147 188
7 188
7 120
120 186
133 186
133 188
154 188
154 193
61 193
61 63
63 130
7 130
7 24
16 24
16 94
94 122
46 122
46 110
110 198
33 198
33 140
140 165
59 165
59 68
68 184
117 184
117 166
57 166
57 155
155 188
69 188
69 147
23 147
23 115
115 172
172 187
35 187
35 129
32 129
27 32
3 27
3 136
136 166
14 166
14 186
140 186
68 140
0 68
0 25
25 121
121 193
129 193
85 129
85 160
160 197
65 197
65 132
72 132
72 92
92 115
18 115
18 161
55 161
55 57
57 181
87 181
87 90
90 174
108 174
108 119
14 119
14 154
137 154
54 137
46 54
46 162
159 162
63 159
13 63
13 163
163 190
101 190
10 101
10 86
86 154
33 154
33 87
26 87
26 177
30 177
30 137
48 137
8 48
8 185
96 185
96 176
167 176
122 167
15 122
15 42
42 106
55 106
55 83
64 83
64 150
111 150
90 111
56 90
56 91
20 91
20 178
6 178
2 6
2 138
26 138
26 77
77 79
79 86
86 174
3 174
3 65
65 86
46 86
17 46
17 200
90 200
90 120
32 120
32 61
61 163
14 163
14 149
149 161
73 161
73 78
43 78
43 77
77 182
177 182
149 177
149 194
2 194
2 173
33 173
33 162
8 162
8 152
152 189
92 189
92 180
74 180
74 173
11 173
11 48
48 54
54 68
68 190
127 190
116 127
6 116
6 71
37 71
37 159
106 159
99 106
75 99
75 132
132 144
144 167
73 167
73 188
92 188
12 92
12 48
48 160
160 193
45 193
45 74
23 74
10 23
10 60
38 60
38 192
89 192
89 151
132 151
132 175
33 175
33 164
87 164
87 169
142 169
23 142
23 187
110 187
0 110
0 101
67 101
45 67
12 45
12 34
1 34
1 13
13 176
75 176
18 75
18 48
48 167
91 167
91 137
137 190
26 190
26 64
64 186
42 186
18 42
18 36
7 36
7 106
106 175
37 175
37 49
34 49
16 34
16 22
19 22
19 85
85 187
26 187
26 173
16 173
16 90
83 90
37 83
37 53
53 119
119 150
132 150
22 132
22 158
158 197
103 197
103 170
92 170
61 92
61 124
124 182
34 182
34 114
85 114
85 103
103 147
142 147
96 142
69 96
19 69
19 143
143 181
164 181
164 167
78 167
78 119
27 119
0 27
0 151
119 151
119 153
153 155
24 155
24 81
51 81
51 71
71 138
5 138
5 143
28 143
28 74
74 129
129 181
181 196
125 196
93 125
6 93
6 60
60 157
28 157
28 90
43 90
43 124
124 135
36 135
36 83
83 193
88 193
88 137
70 137
32 70
32 134
47 134
47 181
137 181
16 137
16 183
183 194
41 194
41 97
10 97
10 89
11 89
11 197
183 197
131 183
90 131
90 187
57 187
57 113
113 143
133 143
111 133
111 167
64 167
64 173
95 173
95 198
175 198
175 199
144 199
122 144
29 122
29 66
66 83
83 122
92 122
92 196
53 196
22 53
22 61
53 61
23 53
23 50
50 81
77 81
77 130
130 171
18 171
18 109
109 157
100 157
100 141
10 141
1 10
1 79
73 79
73 149
149 164
4 164
4 98
78 98
78 103
71 103
71 89
89 122
122 123
123 196
148 196
89 148
89 153
29 153
29 123
123 154
154 186
81 186
81 102
102 146
146 185
141 185
4 141
4 57
57 78
34 78
34 51
51 92
21 92
21 177
48 177
33 48
33 125
32 125
32 41
41 172
21 172
21 192
12 192
12 61
61 69
23 69
23 195
88 195
54 88
54 147
66 147
66 133
101 133
28 101
28 192
24 192
24 170
91 170
91 185
70 185
70 94
33 94
33 92
86 92
52 86
45 52
5 45
5 139
12 139
12 91
44 91
44 59
57 59
57 70
28 70
28 186
101 186
9 101
1 9
1 161
143 161
110 143
45 110
45 107
107 112
103 112
103 130
58 130
58 81
6 81
6 189
180 189
134 180
103 134
56 103
56 156
33 156
33 68
68 138
138 159
24 159
24 179
172 179
83 172
83 151
88 151
3 88
3 14
14 148
131 148
86 131
86 193
102 193
59 102
59 64
64 115
71 115
71 155
152 155
50 152
46 50
46 124
124 177
123 177
121 123
115 121
100 115
100 104
104 173
78 173
78 177
112 177
58 112
58 80
80 186
0 186
0 107
107 108
108 120
10 120
10 58
46 58
26 46
26 174
127 174
0 127
0 19
19 187
180 187
44 180
44 83
72 83
72 95
95 172
157 172
157 162
162 193
150 193
31 150
31 104
22 104
22 119
87 119
87 92
52 92
52 75
69 75
41 69
34 41
20 34
20 38
15 38
15 174
154 174
78 154
4 78
4 115
13 115
13 49
49 95
95 158
14 158
7 14
7 151
67 151
67 86
86 153
46 153
46 94
84 94
1 84
1 162
70 162
12 70
12 169
116 169
116 174
124 174
69 124
69 137
47 137
47 160
160 190
171 190
168 171
86 168
1 86
1 166
45 166
25 45
25 151
151 163
76 163
76 174
10 174
10 22
22 98
6 98
6 144
124 144
45 124
45 62
62 161
46 161
46 177
144 177
121 144
121 130
130 190
112 190
112 183
56 183
7 56
1 7
1 66
66 119
92 119
37 92
37 190
146 190
146 165
80 165
33 80
33 59
59 188
53 188
53 77
77 111
55 111
55 160
160 180
71 180
71 135
96 135
41 96
25 41
25 170
118 170
36 118
36 198
65 198
34 65
14 34
14 98
98 196
169 196
60 169
60 108
61 108
10 61
10 28
28 49
49 121
63 121
63 117
117 131
83 131
9 83
9 34
34 74
74 158
4 158
4 68
23 68
23 153
97 153
97 144
144 191
150 191
133 150
51 133
51 65
65 174
16 174
16 38
38 159
65 159
65 84
84 140
87 140
87 155
67 155
50 67
50 134
134 194
136 194
32 136
32 144
144 175
89 175
89 131
0 1
