720
43 162
99 162
34 99
34 181
103 181
103 107
3 107
2 3
2 110
110 160
158 160
158 192
145 192
83 145
76 83
43 76
43 108
108 171
160 171
160 168
69 168
60 69
60 175
67 175
67 172
19 172
19 170
6 170
6 125
125 149
30 149
30 47
47 137
68 137
68 180
0 180
0 87
87 110
54 110
28 54
28 133
18 133
18 112
112 143
101 143
32 101
32 63
63 72
72 80
80 158
4 158
4 68
68 189
76 189
76 156
156 165
118 165
55 118
33 55
33 193
69 193
69 137
15 137
15 157
45 157
45 156
150 156
106 150
106 147
75 147
75 138
102 138
79 102
79 119
75 119
27 75
21 27
21 125
125 139
139 164
79 164
65 79
65 165
71 165
71 143
143 152
27 152
27 139
139 140
140 154
18 154
18 200
6 200
6 64
64 141
141 200
92 200
92 108
108 189
98 189
49 98
49 139
56 139
56 154
154 199
116 199
82 116
72 82
72 134
57 134
57 127
127 131
131 142
54 142
51 54
51 92
92 100
100 132
3 132
3 141
141 177
83 177
83 126
50 126
25 50
25 190
190 194
118 194
5 118
5 38
12 38
12 50
27 50
27 105
97 105
97 151
9 151
9 112
76 112
66 76
66 113
113 129
129 191
13 191
13 121
121 155
155 171
30 171
30 34
34 89
1 89
1 121
49 121
49 126
126 150
82 150
82 85
85 195
171 195
158 171
7 158
7 106
105 106
105 191
163 191
16 163
16 99
56 99
56 169
68 169
31 68
31 75
75 163
147 163
100 147
48 100
48 74
74 87
87 99
99 132
132 188
165 188
165 182
143 182
143 178
109 178
109 142
136 142
136 145
61 145
61 192
19 192
19 86
62 86
62 188
113 188
107 113
107 156
0 156
0 38
38 40
40 87
42 87
42 182
21 182
17 21
17 134
79 134
79 160
120 160
40 120
32 40
32 138
138 139
139 165
154 165
91 154
91 102
45 102
45 175
54 175
54 118
118 177
115 177
2 115
2 85
85 120
77 120
77 134
134 182
158 182
158 168
40 168
40 167
111 167
79 111
79 117
1 117
1 2
2 189
96 189
96 125
101 125
101 109
3 109
3 121
38 121
38 125
4 125
4 85
85 110
62 110
62 183
150 183
77 150
23 77
23 108
1 108
1 57
57 61
29 61
29 169
64 169
64 86
86 87
87 96
30 96
30 125
125 140
97 140
97 197
121 197
30 121
30 140
90 140
61 90
61 195
136 195
90 136
90 117
38 117
38 91
25 91
25 163
163 179
105 179
104 105
104 145
131 145
9 131
9 150
31 150
31 65
65 199
183 199
11 183
11 132
132 134
134 153
72 153
72 93
70 93
70 82
82 184
123 184
123 153
81 153
37 81
37 52
17 52
17 69
10 69
10 41
39 41
39 87
87 90
90 122
116 122
116 177
1 177
1 99
99 176
163 176
163 192
98 192
98 148
90 148
50 90
50 117
109 117
79 109
79 126
94 126
48 94
48 114
3 114
3 145
53 145
53 181
121 181
121 182
58 182
58 118
118 144
34 144
34 77
77 86
86 148
148 190
126 190
126 165
132 165
109 132
25 109
25 53
53 92
64 92
64 81
29 81
29 87
87 122
31 122
31 48
48 127
127 167
151 167
20 151
20 72
72 90
90 108
101 108
101 166
28 166
28 183
31 183
31 101
88 101
88 195
113 195
113 180
180 198
126 198
19 126
19 103
103 125
125 167
26 167
26 124
89 124
89 108
2 108
2 116
116 154
101 154
101 171
14 171
14 57
57 101
101 122
41 122
41 72
72 164
121 164
89 121
89 177
176 177
22 176
22 106
106 189
1 189
1 170
168 170
102 168
102 145
51 145
51 187
113 187
113 189
150 189
142 150
142 146
146 156
152 156
26 152
26 86
86 158
83 158
83 198
38 198
38 191
16 191
16 81
81 87
87 135
28 135
28 121
121 125
125 190
73 190
35 73
35 59
15 59
15 72
12 72
12 163
157 163
143 157
143 177
127 177
77 127
42 77
42 146
146 189
115 189
26 115
26 121
121 147
48 147
48 59
59 122
81 122
81 88
88 95
95 195
52 195
52 103
103 130
100 130
100 114
114 190
5 190
5 168
68 168
68 162
114 162
7 114
7 109
89 109
82 89
1 82
1 23
23 191
30 191
30 61
61 89
62 89
62 149
117 149
117 197
183 197
2 183
2 82
82 106
106 146
3 146
3 33
9 33
9 164
44 164
23 44
23 64
64 160
160 166
166 188
136 188
91 136
67 91
58 67
58 74
74 180
87 180
87 95
33 95
33 199
135 199
135 175
55 175
29 55
2 29
2 144
14 144
14 101
101 188
150 188
71 150
71 110
90 110
90 186
43 186
1 43
1 86
86 128
106 128
98 106
98 120
82 120
82 136
136 181
1 181
1 50
32 50
32 120
29 120
29 166
74 166
23 74
23 189
40 189
40 97
97 103
6 103
6 190
58 190
58 163
132 163
40 132
40 118
118 133
69 133
69 145
145 188
42 188
42 132
132 189
159 189
139 159
32 139
32 64
64 145
14 145
14 147
147 165
52 165
52 66
66 165
0 165
0 118
90 118
65 90
65 118
118 131
63 131
6 63
6 129
129 192
1 192
1 9
9 142
123 142
54 123
54 106
106 131
10 131
10 16
16 50
50 139
136 139
125 136
125 196
109 196
73 109
73 105
105 164
164 174
56 174
56 143
111 143
51 111
51 79
59 79
59 87
87 88
56 88
56 58
58 109
109 186
92 186
61 92
61 91
91 181
161 181
101 161
42 101
42 93
93 157
157 184
67 184
67 114
42 114
42 106
48 106
48 173
122 173
107 122
73 107
73 181
130 181
15 130
15 58
58 114
113 114
71 113
71 117
42 117
42 152
152 189
13 189
13 125
106 125
106 160
43 160
43 130
10 130
10 155
3 155
3 9
9 165
35 165
35 158
158 169
169 197
111 197
111 139
17 139
17 71
48 71
48 175
101 175
101 105
12 105
12 121
8 121
0 8
0 33
33 117
117 153
43 153
43 61
61 133
133 187
187 188
40 188
40 55
55 84
54 84
54 169
1 169
1 127
127 182
30 182
30 85
85 160
33 160
33 88
88 99
99 143
61 143
61 168
168 184
57 184
57 199
96 199
96 191
46 191
46 190
65 190
65 198
91 198
22 91
22 86
70 86
70 149
10 149
10 19
19 52
52 135
26 135
26 46
46 86
86 95
