814
156 188
156 174
76 174
76 200
17 200
17 95
91 95
91 101
46 101
46 123
123 133
115 133
115 158
102 158
102 174
160 174
39 160
39 90
90 114
53 114
53 60
60 145
145 154
154 188
170 188
38 170
38 185
185 196
163 196
0 163
0 64
64 198
167 198
137 167
137 199
42 199
42 96
96 130
25 130
0 25
0 108
100 108
53 100
53 169
123 169
53 123
53 175
175 188
138 188
89 138
89 119
119 169
134 169
108 134
108 122
87 122
14 87
14 166
83 166
41 83
2 41
2 71
71 113
79 113
79 163
163 199
78 199
19 78
19 44
44 45
45 163
92 163
92 182
103 182
1 103
1 90
90 157
80 157
59 80
59 180
157 180
59 157
59 182
81 182
81 149
91 149
91 104
104 195
149 195
69 149
44 69
44 139
68 139
68 195
152 195
37 152
37 154
9 154
9 101
54 101
54 183
44 183
44 61
61 154
70 154
70 121
121 167
144 167
18 144
18 155
7 155
7 83
83 189
132 189
128 132
107 128
107 139
43 139
43 82
82 199
153 199
3 153
3 112
112 194
151 194
142 151
69 142
69 137
137 178
145 178
142 145
142 178
172 178
149 172
149 150
50 150
5 50
5 93
42 93
42 149
64 149
64 139
139 185
59 185
59 92
92 146
61 146
61 134
134 168
72 168
3 72
3 138
9 138
9 57
57 111
35 111
35 172
75 172
75 158
7 158
7 101
52 101
52 71
71 110
110 155
24 155
24 176
127 176
29 127
29 46
46 164
164 173
84 173
25 84
25 77
77 114
108 114
29 108
15 29
15 138
115 138
115 152
116 152
116 142
51 142
51 132
10 132
10 65
46 65
46 78
78 122
101 122
8 101
8 36
10 36
10 46
21 46
21 114
59 114
59 199
64 199
64 127
127 163
62 163
59 62
59 78
78 191
75 191
75 171
118 171
109 118
91 109
52 91
52 78
78 194
91 194
71 91
42 71
6 42
6 45
45 155
56 155
56 108
21 108
21 61
61 78
32 78
32 186
1 186
1 147
147 167
50 167
50 155
111 155
66 111
66 97
95 97
95 144
20 144
20 77
18 77
18 32
32 98
74 98
74 184
166 184
56 166
56 158
74 158
48 74
48 163
116 163
111 116
77 111
77 149
149 155
92 155
92 194
8 194
8 78
64 78
64 200
127 200
53 127
12 53
12 183
118 183
65 118
65 128
6 128
6 64
64 165
49 165
49 75
75 168
168 190
25 190
25 180
46 180
22 46
22 169
29 169
29 53
10 53
10 173
173 186
33 186
33 110
37 110
37 193
88 193
88 198
40 198
40 104
3 104
3 91
91 116
116 130
130 165
165 166
163 166
144 163
108 144
8 108
8 125
125 146
83 146
83 152
105 152
105 107
107 180
18 180
18 54
54 190
153 190
153 170
145 170
84 145
7 84
7 76
76 111
46 111
25 46
25 140
140 145
38 145
38 111
111 143
143 179
67 179
67 69
69 84
84 149
44 149
18 44
18 193
171 193
157 171
85 157
85 136
120 136
120 187
150 187
150 178
24 178
24 70
70 116
54 116
54 196
152 196
152 176
119 176
119 185
135 185
118 135
34 118
34 119
119 133
133 179
55 179
55 106
59 106
59 196
128 196
106 128
37 106
37 186
131 186
61 131
45 61
21 45
21 44
44 79
79 161
9 161
9 104
12 104
12 192
41 192
5 41
5 94
94 175
81 175
81 172
3 172
3 154
128 154
32 128
32 173
92 173
18 92
18 76
64 76
45 64
45 84
84 131
60 131
60 179
179 182
147 182
119 147
3 119
3 59
59 150
87 150
85 87
85 170
24 170
13 24
13 28
28 165
163 165
71 163
71 172
125 172
125 142
3 142
3 26
26 166
118 166
27 118
27 163
157 163
64 157
64 70
70 170
141 170
141 198
57 198
57 156
37 156
37 101
96 101
96 150
138 150
6 138
6 110
110 172
0 172
0 34
34 63
28 63
28 196
55 196
55 116
116 164
91 164
35 91
35 64
64 87
16 87
16 176
60 176
4 60
4 103
103 143
19 143
19 193
45 193
45 196
49 196
49 159
153 159
30 153
30 38
38 163
81 163
61 81
61 68
30 68
30 172
94 172
29 94
19 29
19 22
22 153
134 153
134 149
129 149
56 129
39 56
39 112
67 112
67 158
121 158
121 123
123 199
2 199
2 120
120 180
40 180
40 86
86 115
54 115
42 54
42 129
118 129
26 118
26 92
92 150
34 150
34 193
87 193
87 188
110 188
67 110
67 135
13 135
8 13
8 122
122 150
83 150
26 83
26 120
120 143
143 190
79 190
79 128
128 162
146 162
26 146
26 30
30 94
94 146
50 146
50 112
22 112
21 22
21 73
73 179
179 193
17 193
17 117
103 117
13 103
13 144
12 144
12 107
107 165
135 165
11 135
11 165
165 177
123 177
115 123
53 115
23 53
23 159
15 159
15 39
39 68
68 99
48 99
48 112
112 141
30 141
30 61
7 61
7 175
27 175
27 91
41 91
41 94
56 94
49 56
49 183
104 183
104 126
89 126
64 89
64 173
69 173
69 104
74 104
5 74
5 99
99 142
45 142
45 184
114 184
85 114
25 85
4 25
4 10
10 80
54 80
54 138
35 138
35 78
71 78
71 106
106 142
142 170
170 191
11 191
11 24
24 150
47 150
25 47
25 164
73 164
73 192
133 192
111 133
74 111
0 74
0 83
74 83
10 74
10 129
0 129
0 121
73 121
73 131
89 131
89 93
93 151
36 151
36 105
105 194
187 194
40 187
40 166
101 166
92 101
92 127
72 127
10 72
10 134
20 134
20 160
82 160
82 187
68 187
68 80
80 159
37 159
37 65
59 65
59 172
172 193
73 193
73 155
46 155
46 183
82 183
82 113
90 113
3 90
3 194
100 194
70 100
26 70
26 68
68 104
104 198
143 198
140 143
70 140
57 70
57 116
100 116
62 100
62 96
96 154
126 154
1 126
1 96
96 134
122 134
2 122
2 180
114 180
114 196
100 196
100 112
82 112
82 161
15 161
15 37
37 70
70 198
97 198
97 153
74 153
74 190
122 190
102 122
102 105
35 105
35 154
154 164
32 164
8 32
8 71
63 71
46 63
46 109
109 168
104 168
13 104
13 157
132 157
75 132
5 75
5 69
69 136
114 136
114 191
157 191
71 157
7 71
4 7
4 166
137 166
137 172
172 191
191 196
121 196
14 121
14 126
126 183
29 183
12 29
12 117
74 117
74 110
56 110
2 56
2 187
187 190
31 190
21 31
21 63
63 72
72 104
104 157
122 157
113 122
98 113
98 195
165 195
95 165
95 111
107 111
39 107
8 39
8 136
62 136
17 62
17 31
31 79
79 191
85 191
85 160
51 160
51 130
22 130
22 53
53 84
16 84
16 200
173 200
139 173
108 139
108 180
61 180
61 195
39 195
39 89
74 89
74 129
90 129
87 90
84 87
23 84
23 144
14 144
14 69
47 69
47 110
110 145
12 145
12 31
31 64
64 154
95 154
95 109
88 109
14 88
4 14
4 30
30 167
16 167
16 59
9 59
9 99
99 101
74 101
74 164
41 164
41 125
9 125
9 195
183 195
183 198
6 198
6 166
158 166
28 158
28 151
49 151
49 89
89 151
