9633
122 242
78 242
27 78
27 265
205 265
205 408
391 408
285 391
285 499
391 499
352 391
81 352
81 484
86 484
86 385
18 385
18 429
260 429
260 354
354 411
85 411
85 197
197 418
418 461
82 461
82 296
296 352
141 352
141 343
171 343
171 398
278 398
96 278
71 96
71 309
267 309
67 267
67 416
64 416
64 336
336 487
487 500
376 500
376 408
324 408
209 324
209 372
2 372
2 160
159 160
159 486
431 486
312 431
110 312
110 332
332 499
9 499
9 356
245 356
245 270
105 270
105 354
31 354
31 369
125 369
84 125
84 383
156 383
151 156
20 151
20 245
245 298
139 298
122 139
122 328
19 328
19 492
246 492
42 246
42 389
249 389
49 249
49 366
366 498
328 498
130 328
130 268
31 268
31 392
392 497
495 497
390 495
376 390
36 376
36 457
235 457
235 395
326 395
326 364
37 364
37 38
38 284
284 325
325 329
198 329
102 198
44 102
44 270
270 289
86 289
86 367
81 367
81 245
245 386
386 424
12 424
12 314
314 346
346 472
457 472
136 457
136 324
162 324
162 336
102 336
102 111
111 305
305 463
43 463
43 401
401 488
156 488
101 156
101 253
253 321
321 441
204 441
204 375
63 375
63 408
322 408
151 322
151 301
301 452
452 453
411 453
280 411
280 341
24 341
24 398
358 398
297 358
232 297
232 456
291 456
4 291
4 92
92 497
349 497
153 349
153 299
299 442
73 442
73 242
18 242
18 371
145 371
145 207
207 304
304 456
256 456
224 256
201 224
201 423
190 423
190 383
383 475
182 475
57 182
57 280
214 280
214 460
109 460
43 109
43 486
103 486
103 487
436 487
169 436
52 169
52 448
226 448
215 226
215 309
309 378
316 378
296 316
296 494
343 494
214 343
155 214
89 155
89 286
274 286
183 274
183 370
350 370
150 350
150 467
55 467
55 327
47 327
47 363
325 363
325 346
346 480
262 480
262 294
161 294
161 295
98 295
98 361
113 361
113 174
11 174
11 35
35 178
178 383
134 383
134 227
227 322
322 389
1 389
1 477
97 477
97 120
30 120
30 440
197 440
197 355
355 398
186 398
185 186
185 196
146 196
146 448
68 448
68 473
243 473
243 401
245 401
245 405
293 405
293 366
208 366
52 208
52 319
280 319
280 478
200 478
200 313
95 313
95 467
54 467
54 299
93 299
93 266
266 396
396 465
344 465
344 390
239 390
239 498
360 498
180 360
152 180
152 251
149 251
149 499
406 499
159 406
159 370
291 370
291 392
306 392
306 438
312 438
33 312
33 474
22 474
22 234
234 245
245 279
279 457
322 457
91 322
91 224
224 497
307 497
307 448
18 448
18 116
116 423
121 423
121 157
157 259
259 289
277 289
277 499
136 499
136 189
189 298
101 298
101 113
113 467
428 467
428 462
34 462
18 34
18 318
28 318
28 72
72 460
210 460
210 399
336 399
336 385
385 448
84 448
84 179
24 179
24 76
76 88
88 196
196 392
360 392
360 439
133 439
133 374
108 374
108 112
112 289
253 289
253 455
440 455
354 440
354 487
72 487
14 72
14 132
132 194
46 194
46 421
38 421
38 437
241 437
50 241
50 262
74 262
74 437
78 437
78 231
216 231
202 216
202 495
450 495
450 481
356 481
111 356
111 263
263 453
385 453
204 385
204 378
378 481
431 481
266 431
266 432
432 476
315 476
301 315
8 301
8 84
84 402
350 402
303 350
303 338
338 370
370 498
214 498
214 339
180 339
180 375
375 485
0 485
0 36
36 372
372 453
349 453
53 349
53 476
388 476
67 388
67 500
344 500
344 477
417 477
92 417
6 92
6 347
25 347
25 313
313 377
377 417
101 417
101 478
471 478
173 471
91 173
91 212
212 329
120 329
120 373
373 434
223 434
223 292
284 292
284 330
187 330
187 235
235 360
301 360
301 392
334 392
91 334
91 239
239 396
396 472
355 472
65 355
30 65
30 274
274 287
78 287
78 199
199 475
412 475
230 412
230 490
408 490
253 408
109 253
109 292
292 304
150 304
150 396
279 396
279 340
236 340
236 413
412 413
142 412
30 142
30 189
189 384
123 384
70 123
70 246
111 246
111 417
281 417
281 494
477 494
463 477
271 463
271 404
341 404
341 398
241 398
233 241
226 233
42 226
42 102
31 102
9 31
9 188
188 371
329 371
329 340
31 340
31 253
225 253
28 225
1 28
1 488
176 488
155 176
155 340
269 340
269 449
398 449
398 413
36 413
36 264
264 480
78 480
78 170
170 375
374 375
374 380
286 380
280 286
280 331
328 331
328 387
115 387
115 229
57 229
57 269
269 362
158 362
158 386
386 391
391 477
249 477
249 328
270 328
270 452
110 452
110 489
243 489
33 243
33 163
163 251
251 392
62 392
62 314
109 314
109 455
97 455
97 99
89 99
89 264
264 317
317 341
341 441
48 441
48 171
171 292
292 468
264 468
111 264
25 111
25 264
240 264
240 256
55 256
55 308
4 308
4 257
237 257
82 237
82 386
201 386
201 302
302 327
128 327
128 447
328 447
328 488
324 488
158 324
158 456
179 456
124 179
124 217
81 217
81 159
55 159
55 328
328 474
378 474
167 378
147 167
147 373
195 373
195 302
302 460
93 460
93 219
109 219
109 477
271 477
231 271
207 231
207 450
314 450
15 314
2 15
2 493
344 493
344 362
209 362
209 242
242 404
404 444
444 480
137 480
137 363
84 363
49 84
49 255
255 405
355 405
355 488
361 488
112 361
112 160
160 252
252 351
181 351
181 495
380 495
380 475
475 481
163 481
63 163
63 437
30 437
30 335
331 335
331 429
69 429
69 247
247 338
338 405
113 405
113 239
239 337
2 337
2 383
383 495
183 495
35 183
35 357
18 357
18 83
83 382
161 382
161 194
178 194
178 407
110 407
110 176
176 294
278 294
99 278
79 99
79 428
155 428
155 274
274 465
237 465
232 237
232 429
204 429
191 204
3 191
3 332
24 332
24 414
245 414
245 314
276 314
185 276
55 185
55 344
344 355
280 355
280 443
273 443
273 445
12 445
12 407
116 407
116 353
345 353
49 345
49 105
105 425
261 425
261 420
364 420
53 364
53 418
14 418
14 259
259 336
198 336
198 464
346 464
128 346
95 128
95 180
180 310
256 310
256 380
380 472
343 472
343 421
388 421
344 388
273 344
79 273
79 223
35 223
35 76
76 388
121 388
121 441
116 441
3 116
3 301
44 301
44 398
158 398
158 266
159 266
159 258
258 430
289 430
199 289
190 199
22 190
22 466
91 466
91 316
202 316
202 455
379 455
47 379
33 47
33 450
69 450
69 134
134 477
206 477
206 458
263 458
263 341
341 450
340 450
340 420
173 420
173 373
226 373
226 243
243 436
229 436
25 229
25 497
270 497
73 270
73 443
264 443
264 498
278 498
278 479
237 479
108 237
108 305
305 387
387 444
444 454
454 457
198 457
198 363
357 363
238 357
238 367
266 367
266 389
14 389
14 61
61 244
244 457
423 457
52 423
52 249
249 455
455 475
265 475
265 353
118 353
118 148
148 305
305 355
323 355
63 323
12 63
12 197
197 479
327 479
314 327
314 410
257 410
188 257
135 188
135 366
166 366
166 262
262 300
300 371
371 462
66 462
51 66
51 313
313 356
38 356
38 293
243 293
205 243
133 205
133 391
202 391
202 426
213 426
213 316
215 316
215 397
308 397
262 308
262 317
213 317
210 213
102 210
102 134
47 134
47 474
181 474
181 428
428 473
471 473
22 471
22 156
156 169
169 172
172 460
102 460
102 208
10 208
10 216
216 435
145 435
68 145
68 411
382 411
273 382
194 273
169 194
169 470
470 499
17 499
17 203
113 203
113 221
127 221
127 382
53 382
53 116
116 493
54 493
54 181
181 378
149 378
149 176
176 262
146 262
146 491
353 491
353 465
107 465
107 155
97 155
97 226
226 247
247 333
329 333
329 354
354 429
194 429
43 194
43 92
92 227
156 227
77 156
77 226
90 226
90 196
196 352
248 352
215 248
215 354
202 354
162 202
146 162
42 146
42 494
255 494
255 412
130 412
130 371
371 461
334 461
53 334
53 264
264 475
35 475
35 333
254 333
185 254
185 316
316 438
438 485
183 485
183 312
312 405
30 405
30 418
364 418
364 366
43 366
1 43
1 225
225 450
298 450
172 298
118 172
118 258
258 283
214 283
214 485
178 485
178 487
450 487
153 450
153 215
70 215
70 252
77 252
77 333
333 346
52 346
52 280
206 280
169 206
169 232
232 284
13 284
13 35
35 488
470 488
130 470
130 400
146 400
146 469
122 469
45 122
45 273
65 273
65 108
77 108
6 77
6 360
271 360
271 457
74 457
74 405
405 413
78 413
78 456
94 456
94 445
371 445
371 493
455 493
319 455
295 319
178 295
0 178
0 212
119 212
119 339
165 339
165 453
19 453
19 231
231 474
474 497
390 497
204 390
3 204
3 491
247 491
247 321
24 321
24 489
286 489
286 431
382 431
337 382
53 337
53 193
193 394
29 394
29 321
79 321
79 192
192 303
303 445
278 445
242 278
242 252
117 252
117 275
275 315
259 315
113 259
113 187
187 387
168 387
168 339
140 339
71 140
71 257
83 257
83 216
216 240
34 240
34 145
145 324
201 324
201 417
271 417
148 271
148 427
253 427
6 253
6 164
164 367
337 367
337 343
343 453
212 453
69 212
69 332
332 484
444 484
444 493
399 493
399 486
11 486
11 53
53 452
86 452
86 245
17 245
17 22
22 75
75 333
333 438
125 438
125 441
126 441
126 433
265 433
265 350
159 350
11 159
11 164
164 344
116 344
0 116
0 421
197 421
197 311
122 311
122 346
145 346
4 145
4 363
224 363
58 224
58 358
358 468
375 468
363 375
250 363
250 376
4 376
4 444
117 444
117 191
191 358
212 358
46 212
46 479
267 479
267 480
379 480
134 379
134 305
98 305
0 98
0 493
236 493
236 467
186 467
186 380
284 380
50 284
50 395
47 395
47 259
259 265
135 265
135 278
125 278
103 125
103 320
320 461
219 461
219 270
270 467
161 467
161 498
273 498
273 429
190 429
190 356
26 356
26 175
175 464
394 464
233 394
233 462
96 462
96 189
189 350
350 414
224 414
97 224
97 442
318 442
313 318
313 475
301 475
125 301
69 125
69 228
228 323
132 323
95 132
95 395
85 395
85 246
246 303
22 303
22 409
110 409
59 110
59 248
79 248
79 189
7 189
7 454
128 454
128 493
121 493
121 126
126 426
359 426
283 359
280 283
6 280
6 362
104 362
104 498
58 498
58 198
198 366
298 366
96 298
96 453
384 453
317 384
194 317
13 194
13 74
74 286
181 286
44 181
44 205
140 205
14 140
14 500
135 500
135 418
418 466
89 466
89 444
270 444
124 270
124 162
162 398
136 398
136 494
153 494
153 283
283 295
287 295
64 287
64 240
35 240
35 121
121 294
294 312
312 474
214 474
214 315
71 315
71 338
142 338
142 213
213 457
429 457
171 429
171 336
334 336
334 349
349 395
33 395
33 106
106 332
321 332
1 321
1 24
24 396
396 409
290 409
290 496
444 496
287 444
138 287
138 348
348 397
183 397
183 199
199 361
43 361
43 320
200 320
32 200
32 425
221 425
31 221
31 290
222 290
222 342
34 342
34 474
474 480
92 480
92 427
427 447
358 447
358 469
397 469
397 494
103 494
103 372
71 372
71 286
65 286
65 487
157 487
155 157
26 155
26 156
156 466
333 466
333 412
412 424
424 490
209 490
209 407
168 407
94 168
94 328
229 328
229 483
130 483
1 130
1 424
187 424
187 343
20 343
12 20
12 223
22 223
22 58
58 102
102 139
139 273
273 275
191 275
191 393
16 393
16 466
466 500
210 500
210 409
150 409
150 177
177 406
406 482
115 482
115 388
384 388
179 384
179 306
218 306
124 218
124 340
340 486
72 486
72 344
171 344
171 212
212 267
209 267
90 209
90 177
62 177
62 63
63 396
333 396
244 333
233 244
13 233
13 467
357 467
357 367
367 377
117 377
117 384
232 384
145 232
145 396
18 396
18 303
303 405
315 405
315 419
375 419
164 375
164 402
203 402
183 203
183 494
166 494
166 258
136 258
136 295
197 295
62 197
62 248
248 390
390 494
359 494
359 422
422 441
86 441
86 362
362 392
117 392
117 216
216 494
494 499
301 499
301 446
410 446
410 465
31 465
31 407
13 407
13 479
208 479
204 208
171 204
171 459
337 459
73 337
73 439
254 439
129 254
129 147
36 147
36 58
58 276
276 494
480 494
206 480
206 303
227 303
227 328
158 328
105 158
105 306
202 306
178 202
178 481
61 481
61 210
210 368
35 368
35 448
213 448
141 213
141 398
210 398
210 323
323 419
228 419
228 368
368 488
281 488
63 281
28 63
28 83
83 415
130 415
130 370
370 418
418 472
39 472
39 65
65 271
225 271
70 225
47 70
47 213
152 213
152 431
125 431
125 274
198 274
180 198
180 283
185 283
185 328
328 414
79 414
79 228
228 331
44 331
44 187
187 276
219 276
219 413
296 413
150 296
150 164
14 164
14 439
199 439
199 345
321 345
321 445
445 480
426 480
157 426
157 299
299 304
304 457
225 457
225 285
0 285
0 465
328 465
328 337
187 337
187 250
106 250
106 423
423 462
419 462
345 419
135 345
135 339
339 455
84 455
5 84
5 108
108 122
122 285
285 347
347 472
245 472
245 354
205 354
205 340
206 340
206 442
418 442
255 418
255 280
280 476
343 476
7 343
7 106
84 106
84 88
88 494
126 494
100 126
100 492
126 492
126 259
259 461
204 461
146 204
146 369
84 369
83 84
83 297
297 482
211 482
211 260
260 485
81 485
81 214
97 214
97 429
263 429
149 263
149 306
26 306
26 496
230 496
230 446
19 446
19 239
239 307
307 425
249 425
147 249
64 147
64 358
48 358
48 317
317 420
149 420
9 149
9 43
43 67
67 68
68 134
76 134
76 444
279 444
279 470
43 470
43 147
147 362
278 362
278 330
330 500
368 500
267 368
267 464
299 464
164 299
38 164
38 282
282 333
199 333
167 199
167 348
21 348
21 119
119 375
106 375
106 466
339 466
53 339
53 255
255 486
169 486
169 274
227 274
213 227
213 381
371 381
148 371
126 148
126 180
103 180
103 266
90 266
90 104
104 324
324 358
358 382
120 382
120 461
6 461
6 177
48 177
48 316
286 316
102 286
102 350
346 350
210 346
210 419
419 461
288 461
170 288
170 322
175 322
175 467
86 467
86 315
298 315
298 390
98 390
98 171
171 435
400 435
152 400
152 386
24 386
24 49
49 180
180 263
41 263
41 253
204 253
198 204
198 320
320 449
277 449
277 418
143 418
143 242
188 242
188 396
396 479
157 479
157 386
137 386
137 266
266 393
238 393
63 238
63 148
148 496
439 496
357 439
357 480
309 480
116 309
116 183
183 463
432 463
53 432
53 86
86 464
35 464
35 370
370 473
10 473
10 270
248 270
23 248
23 62
62 458
458 461
249 461
249 254
254 455
141 455
92 141
92 416
416 500
130 500
121 130
121 150
97 150
97 284
228 284
228 288
57 288
57 120
120 443
133 443
133 417
417 488
86 488
7 86
7 463
451 463
71 451
67 71
67 288
107 288
107 319
97 319
17 97
17 335
264 335
264 391
391 472
105 472
105 442
154 442
154 341
42 341
42 463
237 463
127 237
127 453
34 453
34 313
313 459
12 459
12 138
119 138
119 499
131 499
131 258
258 359
359 491
150 491
43 150
43 369
255 369
40 255
40 59
59 412
132 412
132 483
147 483
24 147
24 440
299 440
35 299
35 452
221 452
221 289
225 289
225 349
327 349
287 327
148 287
148 183
183 349
30 349
30 201
201 236
37 236
37 252
48 252
19 48
19 67
67 256
256 389
373 389
208 373
207 208
23 207
23 339
289 339
122 289
122 404
364 404
364 456
294 456
294 423
127 423
127 210
210 472
59 472
59 167
167 371
371 395
357 395
357 495
18 495
18 354
234 354
234 266
140 266
127 140
127 291
291 364
271 364
163 271
10 163
10 22
22 402
30 402
30 345
345 447
113 447
106 113
106 299
299 324
324 383
34 383
34 251
251 322
322 433
179 433
179 200
24 200
24 137
100 137
100 463
225 463
126 225
126 308
37 308
37 480
175 480
95 175
95 321
27 321
27 36
36 40
40 105
105 465
456 465
258 456
258 441
441 486
418 486
1 418
1 395
234 395
234 347
165 347
165 400
384 400
384 387
46 387
46 298
298 387
163 387
163 412
287 412
251 287
21 251
21 120
120 371
147 371
147 166
166 447
447 483
184 483
173 184
121 173
121 165
80 165
80 499
247 499
247 487
353 487
96 353
96 330
247 330
247 252
145 252
145 430
124 430
124 238
45 238
45 158
158 428
308 428
308 353
20 353
20 337
337 399
399 433
285 433
285 426
400 426
91 400
91 472
56 472
56 375
207 375
177 207
177 465
193 465
162 193
162 389
312 389
267 312
267 292
128 292
128 419
135 419
135 348
205 348
205 310
177 310
144 177
144 392
390 392
101 390
101 462
95 462
76 95
76 466
166 466
166 198
70 198
70 499
6 499
6 259
259 459
410 459
3 410
3 274
22 274
22 468
156 468
156 321
124 321
124 235
217 235
217 370
134 370
134 265
265 339
339 494
482 494
40 482
40 206
87 206
87 491
237 491
137 237
120 137
34 120
34 316
53 316
50 53
50 257
102 257
102 232
232 422
243 422
26 243
26 58
58 187
187 476
259 476
259 325
278 325
278 353
287 353
217 287
217 326
326 454
451 454
304 451
304 404
170 404
170 466
223 466
223 300
300 354
354 382
270 382
270 284
42 284
38 42
8 38
8 376
323 376
265 323
100 265
100 448
11 448
11 321
321 427
121 427
121 370
164 370
164 226
183 226
183 283
257 283
257 480
305 480
250 305
250 316
121 316
109 121
109 465
465 499
178 499
178 345
157 345
157 230
55 230
55 138
138 145
145 288
288 361
152 361
152 353
289 353
22 289
22 191
191 496
475 496
44 475
44 108
108 121
121 307
222 307
222 376
208 376
196 208
196 321
96 321
96 468
84 468
45 84
45 335
214 335
131 214
131 355
201 355
132 201
132 166
166 259
259 480
337 480
337 456
439 456
177 439
77 177
77 159
159 443
401 443
313 401
313 327
312 327
312 408
112 408
93 112
93 100
100 354
354 362
198 362
198 214
195 214
111 195
111 350
74 350
74 251
207 251
207 401
372 401
125 372
125 474
200 474
200 227
227 372
83 372
83 130
25 130
25 233
233 470
228 470
63 228
63 133
133 500
270 500
270 369
73 369
16 73
16 340
94 340
94 321
248 321
248 487
218 487
59 218
59 128
128 175
119 175
36 119
36 159
119 159
67 119
67 157
134 157
127 134
127 342
342 371
371 411
28 411
28 97
97 116
11 116
11 466
142 466
142 487
372 487
336 372
336 446
381 446
381 388
257 388
257 357
357 400
400 478
52 478
52 204
204 428
281 428
92 281
92 490
64 490
64 377
138 377
138 224
4 224
4 101
101 344
226 344
226 267
267 310
310 387
102 387
102 418
418 465
388 465
388 428
108 428
108 446
192 446
46 192
46 243
134 243
134 137
137 381
195 381
195 466
254 466
50 254
50 171
158 171
158 241
211 241
178 211
42 178
42 360
333 360
333 424
84 424
84 463
215 463
92 215
92 147
2 147
2 12
12 434
230 434
43 230
43 416
324 416
18 324
18 457
283 457
283 346
6 346
6 415
67 415
67 366
112 366
16 112
16 246
246 379
308 379
308 411
133 411
133 172
172 214
214 285
261 285
232 261
203 232
203 377
366 377
366 397
382 397
382 492
96 492
96 104
104 144
144 281
185 281
66 185
11 66
11 317
196 317
196 286
286 379
55 379
55 451
451 495
156 495
156 207
207 218
159 218
159 232
195 232
195 275
275 483
150 483
150 184
152 184
152 430
197 430
197 381
57 381
57 303
151 303
151 253
253 383
230 383
230 268
201 268
201 389
332 389
60 332
60 439
315 439
315 392
85 392
85 431
28 431
28 205
187 205
187 488
113 488
23 113
23 451
334 451
334 443
365 443
208 365
208 291
240 291
240 330
330 426
228 426
228 477
161 477
161 257
41 257
41 470
66 470
66 108
15 108
14 15
14 253
253 422
422 499
289 499
289 460
240 460
240 288
288 308
308 466
401 466
30 401
30 75
75 260
260 477
477 491
200 491
19 200
19 241
241 250
116 250
116 187
187 414
301 414
301 481
316 481
316 422
54 422
54 86
86 301
301 491
354 491
90 354
41 90
41 252
94 252
94 415
11 415
11 410
397 410
60 397
18 60
18 103
97 103
97 492
366 492
226 366
131 226
131 225
98 225
98 416
194 416
194 197
197 199
199 324
9 324
9 313
313 436
294 436
294 345
143 345
143 363
185 363
185 313
259 313
259 275
275 384
25 384
25 137
137 231
17 231
17 186
186 416
141 416
28 141
28 51
51 493
110 493
110 252
252 369
180 369
180 466
452 466
206 452
206 335
287 335
142 287
142 324
324 441
4 441
4 255
85 255
85 467
316 467
238 316
238 358
358 392
154 392
154 361
260 361
24 260
24 410
407 410
202 407
135 202
113 135
113 365
172 365
172 297
297 435
286 435
286 400
181 400
181 451
396 451
72 396
72 80
80 416
248 416
88 248
88 357
38 357
38 493
4 493
4 64
64 355
355 468
403 468
292 403
237 292
237 291
291 307
85 307
85 460
120 460
102 120
102 394
17 394
17 393
376 393
315 376
315 436
244 436
205 244
59 205
59 377
276 377
276 388
220 388
114 220
114 277
259 277
160 259
105 160
105 475
84 475
84 404
337 404
337 499
293 499
293 403
136 403
136 358
164 358
43 164
43 424
156 424
156 337
124 337
124 169
169 202
202 449
449 456
45 456
45 196
196 328
234 328
95 234
6 95
6 88
88 418
132 418
132 409
80 409
80 277
277 456
216 456
216 301
301 327
327 404
286 404
54 286
54 238
238 356
160 356
160 269
269 284
209 284
209 308
308 356
356 466
444 466
385 444
385 422
361 422
331 361
114 331
114 211
94 211
94 327
327 334
85 334
85 357
293 357
230 293
24 230
24 297
81 297
4 81
4 480
193 480
193 299
299 427
111 427
111 380
161 380
161 432
432 491
71 491
71 133
133 381
222 381
222 347
347 498
179 498
179 477
15 477
15 125
125 373
373 408
16 408
16 208
208 299
275 299
162 275
162 272
101 272
101 312
292 312
5 292
5 298
298 363
41 363
41 206
206 371
371 491
80 491
80 299
51 299
51 441
365 441
365 455
193 455
193 431
167 431
167 494
57 494
57 262
208 262
176 208
62 176
62 278
278 301
301 406
406 440
263 440
118 263
118 450
396 450
363 396
350 363
79 350
79 371
20 371
20 81
81 432
343 432
170 343
29 170
29 142
139 142
139 227
227 288
238 288
238 414
414 443
50 443
50 336
8 336
8 362
204 362
204 331
190 331
190 212
212 293
293 305
236 305
40 236
40 425
228 425
68 228
68 180
180 211
56 211
56 119
119 267
89 267
79 89
79 419
93 419
93 452
183 452
22 183
22 29
29 125
125 416
416 442
371 442
248 371
136 248
136 294
294 396
47 396
47 463
226 463
12 226
12 51
51 423
299 423
41 299
41 273
241 273
25 241
25 76
76 468
258 468
258 260
260 312
56 312
56 229
182 229
29 182
29 30
30 241
153 241
153 388
301 388
206 301
206 261
105 261
105 482
344 482
149 344
68 149
54 68
54 326
186 326
186 288
75 288
75 357
41 357
41 105
105 156
122 156
122 386
48 386
48 193
193 468
190 468
190 240
240 374
96 374
96 191
191 258
258 367
159 367
159 300
300 330
277 330
269 277
269 445
410 445
371 410
151 371
77 151
77 369
264 369
99 264
99 383
293 383
75 293
75 112
112 142
41 142
41 380
380 453
61 453
61 499
19 499
19 161
85 161
85 160
160 272
3 272
3 124
124 273
273 444
165 444
165 295
206 295
29 206
29 123
9 123
9 406
406 438
224 438
62 224
62 449
103 449
103 386
368 386
289 368
0 289
0 366
165 366
39 165
32 39
32 273
133 273
133 270
270 464
187 464
187 443
443 491
190 491
95 190
95 419
174 419
3 174
3 273
4 273
4 283
176 283
69 176
69 475
291 475
291 408
14 408
14 472
249 472
249 267
267 493
135 493
135 404
372 404
372 431
24 431
19 24
16 19
16 400
400 454
288 454
288 406
406 422
27 422
27 369
369 458
448 458
201 448
201 239
137 239
137 345
224 345
154 224
154 401
40 401
40 314
314 474
93 474
93 294
18 294
18 187
33 187
33 411
96 411
96 401
305 401
305 422
422 470
110 470
13 110
13 170
170 426
220 426
88 220
88 293
293 427
28 427
28 272
272 440
280 440
236 280
130 236
130 300
300 439
11 439
11 87
31 87
31 216
216 385
385 415
153 415
121 153
70 121
42 70
42 419
344 419
294 344
55 294
55 156
81 156
35 81
35 245
245 262
262 339
339 405
405 446
89 446
89 234
47 234
47 301
90 301
90 118
118 282
273 282
273 424
424 487
381 487
51 381
51 270
270 489
76 489
76 153
153 375
306 375
30 306
30 487
400 487
37 400
37 249
102 249
102 283
90 283
90 143
143 246
246 297
160 297
13 160
13 402
122 402
122 159
12 159
12 451
261 451
249 261
185 249
143 185
143 424
95 424
95 339
331 339
319 331
225 319
225 331
331 412
412 494
204 494
204 351
351 476
346 476
232 346
184 232
184 326
76 326
76 163
43 163
43 314
63 314
63 249
65 249
65 115
115 125
45 125
45 138
138 324
5 324
5 326
219 326
43 219
43 287
287 367
228 367
228 320
265 320
81 265
81 498
292 498
132 292
132 243
161 243
161 290
290 330
330 365
365 444
377 444
377 477
2 477
2 38
38 237
79 237
79 262
121 262
121 168
168 265
83 265
83 422
362 422
362 458
401 458
142 401
142 491
22 491
22 219
219 474
262 474
262 422
283 422
147 283
147 402
402 489
479 489
156 479
34 156
34 500
442 500
442 489
292 489
292 420
101 420
101 378
306 378
188 306
188 342
342 398
283 398
243 283
243 395
341 395
35 341
35 155
155 237
182 237
53 182
53 363
187 363
187 277
277 305
196 305
196 245
245 343
338 343
118 338
118 163
163 273
39 273
39 469
464 469
36 464
36 331
149 331
149 480
144 480
144 500
218 500
56 218
30 56
23 30
23 205
205 323
316 323
64 316
64 331
77 331
77 278
278 369
340 369
87 340
87 295
295 318
35 318
35 208
208 423
419 423
258 419
198 258
198 325
140 325
140 479
120 479
120 170
170 198
198 444
128 444
128 156
156 398
72 398
72 231
231 486
39 486
39 203
203 210
210 260
190 260
190 458
435 458
236 435
222 236
222 446
1 446
1 123
123 412
397 412
3 397
3 101
101 466
213 466
213 484
405 484
181 405
173 181
62 173
62 138
53 138
53 323
88 323
88 309
180 309
180 253
253 439
140 439
140 290
290 497
70 497
70 189
189 434
78 434
78 179
179 266
266 295
295 494
280 494
78 280
78 290
1 290
1 422
298 422
298 438
329 438
171 329
139 171
139 378
29 378
29 380
273 380
273 278
278 320
243 320
243 334
298 334
298 480
480 495
349 495
349 360
191 360
191 271
271 328
261 328
261 309
309 494
59 494
59 332
204 332
86 204
86 425
336 425
181 336
56 181
56 308
293 308
203 293
203 443
265 443
149 265
149 304
208 304
208 397
397 483
161 483
161 176
176 404
93 404
93 442
220 442
220 345
345 494
200 494
200 368
216 368
216 287
230 287
230 454
179 454
179 278
87 278
45 87
45 189
189 375
375 407
224 407
224 408
408 422
270 422
17 270
17 399
399 403
403 425
60 425
60 472
453 472
195 453
75 195
75 468
420 468
291 420
236 291
27 236
27 167
167 204
204 472
312 472
78 312
1 78
1 196
32 196
32 357
357 494
479 494
459 479
367 459
36 367
36 193
188 193
152 188
152 231
203 231
91 203
91 412
189 412
189 409
173 409
173 408
170 408
170 357
241 357
241 488
88 488
88 97
97 324
324 366
124 366
124 294
240 294
3 240
3 100
66 100
66 419
419 500
451 500
4 451
4 408
120 408
120 348
348 488
107 488
96 107
96 119
119 239
239 413
413 493
463 493
231 463
231 337
8 337
8 15
15 323
323 402
148 402
29 148
29 436
33 436
33 323
323 357
325 357
108 325
108 252
252 499
473 499
234 473
234 343
203 343
203 470
470 494
248 494
248 301
108 301
108 111
111 244
243 244
243 467
405 467
217 405
217 351
351 371
114 371
114 253
173 253
173 197
197 241
144 241
85 144
85 101
69 101
69 452
186 452
186 272
182 272
182 198
151 198
151 441
245 441
245 389
165 389
45 165
45 96
96 478
54 478
54 339
98 339
98 215
77 215
51 77
51 163
163 426
288 426
288 300
300 373
70 373
70 445
28 445
28 65
65 116
116 418
303 418
58 303
58 282
272 282
272 275
275 415
48 415
48 436
436 466
466 480
71 480
71 94
94 236
236 294
172 294
172 360
57 360
57 58
58 121
121 313
166 313
166 223
223 474
46 474
46 191
86 191
86 310
301 310
236 301
160 236
160 486
33 486
33 448
32 448
32 437
437 483
189 483
58 189
55 58
55 428
365 428
327 365
166 327
32 166
32 429
402 429
174 402
174 491
348 491
129 348
129 196
196 261
58 261
58 287
287 423
67 423
67 83
58 83
58 347
81 347
81 456
456 481
188 481
188 312
312 469
446 469
387 446
299 387
299 492
6 492
6 142
142 339
339 349
349 402
377 402
357 377
357 413
153 413
153 204
204 495
175 495
175 381
269 381
244 269
244 245
173 245
173 286
228 286
39 228
39 236
51 236
51 146
146 340
340 428
364 428
303 364
303 397
142 397
142 277
107 277
41 107
41 56
56 281
281 300
28 300
28 360
332 360
332 421
81 421
81 230
196 230
196 199
199 310
1 310
1 449
287 449
161 287
161 416
169 416
169 354
20 354
20 434
408 434
19 408
19 209
203 209
160 203
160 312
312 486
273 486
228 273
115 228
71 115
71 128
128 216
92 216
92 358
14 358
14 58
58 284
284 478
56 478
56 169
11 169
11 24
24 249
35 249
35 471
236 471
62 236
62 203
201 203
62 201
62 468
384 468
384 500
254 500
121 254
121 197
39 197
39 124
124 387
357 387
357 369
161 369
161 386
352 386
62 352
62 459
126 459
126 231
231 438
23 438
23 24
24 331
331 478
416 478
253 416
203 253
98 203
98 350
249 350
197 249
197 392
45 392
45 106
9 106
9 487
191 487
191 434
202 434
202 315
315 330
105 330
5 105
5 423
93 423
93 399
73 399
73 413
161 413
161 405
193 405
118 193
118 349
156 349
156 217
217 310
157 310
157 384
74 384
74 254
254 408
163 408
163 355
87 355
87 194
194 399
60 399
15 60
15 418
188 418
188 380
358 380
6 358
6 416
157 416
51 157
51 127
127 439
432 439
181 432
181 419
419 443
359 443
205 359
146 205
130 146
130 485
148 485
148 179
179 333
19 333
19 174
174 363
38 363
38 463
208 463
208 487
264 487
264 455
20 455
20 364
305 364
28 305
2 28
2 375
354 375
354 386
180 386
2 180
2 460
37 460
37 365
271 365
271 453
171 453
171 284
178 284
178 422
304 422
94 304
94 358
242 358
85 242
85 414
367 414
61 367
61 489
480 489
99 480
17 99
17 332
52 332
52 137
58 137
58 138
18 138
18 345
52 345
52 221
197 221
197 370
370 373
97 373
79 97
47 79
41 47
41 328
51 328
51 424
196 424
196 327
317 327
163 317
163 419
295 419
295 467
52 467
52 120
120 259
96 259
96 368
368 468
221 468
131 221
131 331
185 331
185 315
153 315
109 153
109 458
16 458
16 198
198 215
206 215
206 250
65 250
65 73
73 188
67 188
67 254
35 254
35 335
77 335
77 500
131 500
46 131
46 469
329 469
37 329
37 428
357 428
300 357
199 300
199 434
256 434
183 256
183 202
65 202
65 475
135 475
109 135
109 457
184 457
184 340
151 340
151 409
293 409
51 293
51 115
115 440
6 440
6 93
93 279
279 454
34 454
34 365
247 365
247 257
257 323
289 323
236 289
120 236
120 452
359 452
9 359
9 32
32 377
328 377
328 341
341 453
453 456
157 456
157 421
421 443
386 443
140 386
48 140
36 48
36 405
241 405
241 333
333 410
126 410
126 347
263 347
263 311
128 311
128 313
313 481
243 481
243 480
171 480
51 171
51 382
296 382
228 296
214 228
214 227
227 342
342 488
387 488
244 387
244 485
197 485
125 197
125 167
167 486
181 486
181 308
308 329
329 474
339 474
335 339
301 335
31 301
31 73
73 244
244 330
57 330
57 467
154 467
154 421
313 421
313 427
336 427
35 336
35 258
200 258
48 200
48 302
56 302
56 189
189 360
360 456
456 467
332 467
104 332
104 374
233 374
233 238
109 238
109 241
241 463
112 463
112 420
53 420
53 469
123 469
123 253
253 489
483 489
92 483
92 109
73 109
73 390
75 390
75 381
162 381
114 162
114 356
269 356
269 487
320 487
320 337
232 337
232 254
112 254
112 145
105 145
35 105
35 310
310 464
330 464
195 330
195 383
176 383
176 379
117 379
117 470
208 470
208 360
132 360
37 132
37 169
169 468
377 468
48 377
48 296
230 296
230 413
261 413
187 261
187 485
485 490
71 490
71 455
95 455
95 429
384 429
100 384
100 454
172 454
172 217
217 222
222 481
334 481
307 334
101 307
101 254
254 405
75 405
75 486
263 486
200 263
200 251
251 337
337 395
361 395
334 361
69 334
69 261
50 261
50 366
312 366
312 430
45 430
45 128
128 293
270 293
226 270
162 226
13 162
13 443
166 443
166 440
249 440
188 249
188 429
429 481
256 481
256 292
292 432
432 460
181 460
181 392
357 392
137 357
98 137
98 278
278 454
188 454
188 361
62 361
62 403
403 458
458 488
2 488
2 396
248 396
141 248
141 256
256 268
101 268
101 318
269 318
121 269
121 288
281 288
281 291
244 291
28 244
28 227
131 227
131 223
223 306
306 493
103 493
103 361
361 496
447 496
46 447
46 178
73 178
73 302
222 302
17 222
17 257
257 445
306 445
176 306
36 176
36 396
256 396
40 256
40 258
147 258
147 285
285 331
331 468
305 468
232 305
232 270
270 494
79 494
79 410
149 410
149 386
229 386
86 229
86 100
100 153
153 162
162 388
179 388
99 179
35 99
35 46
46 362
325 362
184 325
136 184
136 194
194 266
121 266
121 159
135 159
135 167
49 167
49 473
57 473
57 460
376 460
57 376
57 459
399 459
357 399
11 357
11 379
27 379
27 429
149 429
149 167
167 175
175 391
261 391
174 261
97 174
97 252
81 252
81 270
270 313
242 313
242 388
319 388
118 319
118 164
164 173
173 349
349 500
143 500
143 398
173 398
173 187
55 187
32 55
32 341
91 341
34 91
34 262
11 262
11 431
356 431
42 356
42 488
13 488
13 102
102 206
66 206
24 66
24 333
333 495
187 495
187 279
25 279
25 194
113 194
26 113
26 423
108 423
108 290
290 488
433 488
375 433
375 420
224 420
52 224
52 86
86 189
189 328
321 328
321 423
35 423
35 63
63 389
389 396
390 396
390 492
486 492
450 486
343 450
180 343
180 472
275 472
275 355
277 355
277 327
327 367
367 471
471 497
69 497
69 308
308 343
23 343
23 61
61 85
85 243
243 274
274 400
219 400
219 362
36 362
36 61
61 491
444 491
115 444
115 456
56 456
56 303
303 393
117 393
117 446
275 446
234 275
234 321
184 321
138 184
57 138
57 446
372 446
50 372
47 50
47 295
139 295
139 256
256 338
338 492
228 492
228 449
401 449
321 401
321 383
383 437
430 437
4 430
4 354
1 354
1 472
123 472
123 431
102 431
50 102
50 180
26 180
26 376
145 376
145 466
466 485
217 485
217 484
465 484
351 465
226 351
139 226
139 315
211 315
41 211
41 408
248 408
193 248
193 443
390 443
288 390
288 348
348 357
5 357
5 377
325 377
325 500
0 500
0 106
106 219
219 333
126 333
83 126
83 392
218 392
218 367
351 367
179 351
179 422
295 422
151 295
151 166
166 408
356 408
216 356
216 305
129 305
5 129
5 73
73 274
180 274
9 180
9 259
246 259
96 246
26 96
26 142
142 258
258 413
413 450
430 450
115 430
55 115
55 262
135 262
4 135
4 467
19 467
19 326
326 486
422 486
77 422
77 379
379 391
272 391
272 476
324 476
15 324
15 190
190 353
214 353
23 214
23 130
55 130
55 145
145 306
0 306
0 268
133 268
10 133
6 10
6 354
219 354
219 434
422 434
130 422
13 130
13 344
344 396
396 433
280 433
257 280
54 257
54 351
346 351
346 477
258 477
47 258
47 240
240 348
80 348
80 113
113 188
188 216
12 216
12 161
161 167
167 477
180 477
180 490
338 490
249 338
233 249
217 233
217 340
178 340
178 226
226 248
248 253
157 253
11 157
11 88
88 439
412 439
36 412
36 386
303 386
303 322
322 427
51 427
51 105
105 473
313 473
205 313
176 205
176 317
20 317
20 244
219 244
219 388
99 388
99 243
90 243
90 414
214 414
214 398
398 484
258 484
120 258
120 417
380 417
372 380
306 372
106 306
106 253
89 253
16 89
16 220
220 251
97 251
97 268
96 268
96 424
72 424
72 383
109 383
109 146
146 234
234 356
356 440
304 440
110 304
110 376
221 376
221 251
7 251
7 310
310 315
315 423
159 423
159 358
358 360
181 360
181 268
268 355
331 355
273 331
273 423
69 423
69 320
316 320
316 433
53 433
53 130
130 484
404 484
254 404
154 254
154 240
240 373
373 473
473 485
291 485
246 291
246 429
191 429
188 191
188 468
468 481
438 481
435 438
435 487
487 499
88 499
88 292
292 332
122 332
122 373
128 373
128 272
272 439
296 439
296 370
60 370
58 60
58 201
201 283
143 283
143 302
210 302
210 353
71 353
71 305
305 482
459 482
74 459
74 314
314 484
331 484
16 331
16 26
26 108
108 472
211 472
128 211
128 330
202 330
202 417
316 417
128 316
14 128
14 297
174 297
174 246
246 369
305 369
194 305
194 498
279 498
279 283
283 319
106 319
5 106
5 100
100 135
135 230
230 443
443 471
184 471
184 185
81 185
81 433
274 433
170 274
9 170
9 328
50 328
50 211
211 335
3 335
3 406
380 406
65 380
65 403
403 469
197 469
56 197
21 56
21 486
318 486
229 318
229 405
304 405
188 304
188 402
402 407
45 407
45 209
209 271
271 444
249 444
149 249
149 253
69 253
60 69
60 256
256 410
12 410
12 399
276 399
276 493
467 493
402 467
308 402
182 308
145 182
145 310
299 310
57 299
57 287
287 453
280 453
280 438
348 438
0 348
0 128
128 425
250 425
250 315
38 315
38 77
77 352
352 355
178 355
162 178
162 483
103 483
103 375
248 375
241 248
162 241
162 468
189 468
84 189
84 215
215 440
107 440
107 145
145 205
87 205
48 87
48 134
134 481
47 481
47 313
62 313
62 120
120 147
147 219
208 219
208 379
82 379
82 374
352 374
163 352
163 485
391 485
17 391
3 17
3 8
8 129
57 129
57 284
195 284
66 195
66 407
147 407
147 383
308 383
308 450
450 496
453 496
130 453
28 130
28 500
10 500
10 28
28 283
186 283
104 186
104 244
124 244
124 236
107 236
4 107
4 51
51 371
217 371
217 288
90 288
90 436
206 436
181 206
62 181
62 220
220 287
287 386
72 386
72 490
126 490
86 126
86 151
151 398
292 398
66 292
36 66
36 300
210 300
112 210
112 471
408 471
25 408
25 139
139 146
146 381
262 381
178 262
44 178
20 44
20 491
259 491
259 297
71 297
71 178
10 178
10 31
2 31
2 494
340 494
340 366
280 366
280 497
130 497
130 376
266 376
266 346
236 346
236 334
46 334
46 382
174 382
105 174
105 423
423 440
433 440
433 449
381 449
160 381
160 389
342 389
203 342
142 203
142 253
253 331
269 331
192 269
192 355
254 355
254 410
21 410
21 140
140 369
369 402
254 402
201 254
176 201
133 176
133 474
352 474
112 352
73 112
73 168
168 209
84 209
84 232
125 232
125 346
346 442
404 442
78 404
78 157
157 387
387 405
116 405
31 116
31 243
243 355
355 364
72 364
72 394
14 394
14 490
165 490
165 288
222 288
23 222
23 473
182 473
78 182
78 478
226 478
226 377
33 377
33 332
80 332
80 446
323 446
323 377
198 377
198 264
123 264
123 320
320 344
11 344
11 235
235 290
96 290
96 295
295 406
406 452
11 452
11 411
411 425
356 425
45 356
45 378
378 476
179 476
128 179
50 128
50 301
81 301
81 369
229 369
54 229
26 54
26 395
221 395
97 221
97 328
6 328
6 456
362 456
30 362
30 347
245 347
240 245
176 240
176 471
396 471
396 494
325 494
325 381
375 381
48 375
48 214
214 415
316 415
316 356
165 356
165 335
335 433
48 433
48 378
242 378
3 242
3 83
83 494
84 494
84 223
115 223
4 115
4 288
288 355
159 355
159 474
28 474
28 89
89 441
109 441
109 336
27 336
27 128
128 469
246 469
246 451
357 451
314 357
314 401
401 441
441 448
81 448
81 139
139 441
441 492
40 492
23 40
23 148
57 148
57 483
336 483
336 340
125 340
125 425
142 425
9 142
9 486
350 486
190 350
190 325
105 325
105 498
207 498
144 207
144 334
334 434
280 434
263 280
263 395
395 491
364 491
150 364
150 354
354 448
169 448
169 228
228 270
40 270
40 248
248 341
146 341
146 228
109 228
76 109
76 434
434 476
385 476
225 385
225 337
123 337
4 123
4 275
136 275
103 136
103 202
202 219
219 345
104 345
104 205
88 205
88 325
285 325
68 285
62 68
62 256
227 256
215 227
150 215
150 310
90 310
90 448
440 448
81 440
81 294
294 353
173 353
173 183
183 341
341 451
56 451
56 391
391 463
206 463
134 206
43 134
43 169
169 484
153 484
153 377
355 377
355 452
452 471
188 471
188 419
274 419
274 365
211 365
147 211
147 375
82 375
82 224
221 224
221 461
210 461
101 210
101 491
265 491
265 345
298 345
19 298
19 270
270 291
291 326
256 326
250 256
31 250
31 348
30 348
11 30
11 82
30 82
30 74
31 74
31 91
91 135
135 289
28 289
28 330
311 330
244 311
244 262
262 357
357 465
359 465
252 359
252 474
369 474
360 369
136 360
54 136
54 405
258 405
4 258
4 240
240 384
169 384
71 169
71 365
239 365
145 239
33 145
6 33
6 272
272 496
463 496
463 492
264 492
172 264
172 271
50 271
50 190
190 304
263 304
197 263
135 197
135 326
155 326
155 476
379 476
379 468
373 468
373 461
336 461
336 429
1 429
1 148
148 161
161 400
208 400
208 385
166 385
58 166
58 299
299 393
245 393
245 471
157 471
139 157
139 287
287 402
402 488
149 488
149 399
399 468
276 468
276 414
231 414
231 490
460 490
3 460
3 348
257 348
137 257
137 449
134 449
134 419
224 419
224 244
244 398
398 428
138 428
0 138
0 209
54 209
54 128
128 500
426 500
7 426
7 157
157 335
197 335
197 321
74 321
74 450
59 450
59 361
361 477
435 477
398 435
51 398
51 193
193 281
171 281
124 171
124 322
322 341
125 341
91 125
91 306
165 306
165 353
139 353
134 139
112 134
112 435
68 435
68 275
231 275
190 231
183 190
179 183
179 375
226 375
226 410
402 410
197 402
143 197
133 143
133 229
148 229
148 369
369 499
479 499
387 479
1 387
1 396
137 396
137 217
24 217
24 347
36 347
36 228
53 228
53 338
38 338
38 322
322 384
126 384
126 210
210 221
221 361
12 361
12 173
173 281
106 281
106 337
244 337
244 297
20 297
20 472
174 472
174 462
361 462
360 361
328 360
244 328
244 338
338 414
66 414
66 200
188 200
188 354
91 354
91 305
5 305
5 287
100 287
100 176
176 360
109 360
109 417
417 490
73 490
73 444
205 444
129 205
129 273
273 497
143 497
143 271
31 271
31 142
104 142
104 282
282 339
19 339
19 341
187 341
187 434
290 434
290 430
430 475
229 475
229 248
122 248
122 161
161 437
437 482
430 482
430 485
392 485
108 392
108 495
232 495
232 371
371 391
301 391
286 301
286 293
293 482
482 485
348 485
348 351
351 404
297 404
297 399
36 399
36 160
160 162
45 162
45 437
416 437
243 416
243 403
296 403
184 296
4 184
4 126
126 425
300 425
263 300
167 263
167 495
60 495
60 417
211 417
211 280
280 332
75 332
75 219
49 219
49 177
177 186
186 202
86 202
86 139
139 330
330 462
57 462
57 252
36 252
36 472
379 472
334 379
223 334
223 330
251 330
242 251
158 242
158 198
198 338
338 353
297 353
196 297
42 196
42 173
173 362
359 362
160 359
160 472
151 472
151 432
99 432
10 99
10 429
26 429
26 288
288 497
39 497
39 116
116 130
93 130
24 93
24 382
232 382
232 383
112 383
5 112
5 133
32 133
32 174
174 183
183 306
78 306
78 236
219 236
219 294
19 294
19 279
30 279
30 180
180 412
16 412
16 304
104 304
104 341
296 341
296 500
89 500
89 392
191 392
136 191
136 147
147 489
103 489
103 159
159 410
335 410
335 448
410 448
361 410
106 361
52 106
52 442
4 442
4 470
435 470
120 435
120 425
2 425
2 248
248 431
190 431
190 226
155 226
155 294
294 422
200 422
34 200
34 158
158 407
407 430
123 430
123 494
54 494
43 54
43 68
68 428
221 428
221 397
397 426
404 426
301 404
301 410
383 410
69 383
69 408
96 408
96 230
230 291
263 291
130 263
130 183
183 484
292 484
71 292
71 418
418 458
420 458
189 420
189 222
222 365
349 365
55 349
55 108
108 255
255 277
70 277
70 491
254 491
254 309
273 309
57 273
57 139
97 139
97 325
325 345
10 345
10 405
27 405
27 467
315 467
179 315
140 179
140 377
160 377
160 493
340 493
260 340
260 456
171 456
171 287
287 375
100 375
100 291
158 291
158 204
47 204
47 177
177 232
68 232
68 75
75 129
129 218
218 253
253 339
62 339
62 143
143 375
297 375
213 297
118 213
118 322
108 322
108 203
203 447
350 447
110 350
110 151
151 190
190 266
266 428
389 428
389 410
80 410
48 80
48 313
313 355
355 383
252 383
232 252
181 232
181 368
368 481
284 481
247 284
152 247
152 243
98 243
98 374
321 374
73 321
73 386
234 386
234 329
112 329
88 112
88 177
177 451
299 451
36 299
36 238
85 238
85 150
150 238
42 238
42 320
320 339
339 408
100 408
51 100
51 102
102 338
81 338
81 167
127 167
127 339
58 339
58 401
144 401
144 305
165 305
165 291
291 499
310 499
164 310
164 272
152 272
72 152
72 343
55 343
55 111
111 496
269 496
46 269
46 247
171 247
31 171
31 390
42 390
42 234
234 322
212 322
21 212
21 219
219 405
132 405
132 318
125 318
125 418
209 418
209 338
338 466
215 466
215 301
174 301
174 481
5 481
5 427
427 446
118 446
118 184
184 197
197 337
312 337
264 312
181 264
181 413
107 413
22 107
22 355
40 355
40 395
229 395
78 229
78 365
365 452
231 452
220 231
38 220
38 285
285 429
419 429
419 497
45 497
45 410
390 410
390 455
24 455
24 356
264 356
264 398
92 398
92 410
316 410
92 316
92 275
144 275
144 394
165 394
165 312
210 312
210 459
144 459
144 164
164 488
29 488
29 402
402 406
164 406
51 164
51 79
29 79
29 199
199 291
168 291
168 199
199 266
250 266
250 339
339 413
32 413
32 336
263 336
263 452
239 452
239 290
290 480
200 480
4 200
4 244
244 407
223 407
27 223
27 111
111 472
94 472
2 94
2 19
19 277
277 384
384 493
316 493
316 420
397 420
392 397
120 392
3 120
3 224
224 500
197 500
197 496
36 496
36 346
346 397
68 397
68 256
256 376
74 376
74 318
81 318
81 404
404 468
397 468
91 397
91 285
126 285
126 396
319 396
128 319
128 290
290 412
258 412
172 258
172 489
398 489
32 398
32 262
262 425
285 425
285 359
359 395
212 395
162 212
162 280
280 312
125 312
68 125
68 429
319 429
57 319
57 346
33 346
33 154
154 296
296 495
352 495
352 411
411 417
53 417
53 360
179 360
115 179
6 115
6 210
210 491
270 491
270 281
89 281
82 89
82 133
133 214
214 334
110 334
110 364
364 433
232 433
232 293
86 293
86 261
261 433
433 447
97 447
97 290
290 481
95 481
95 379
379 408
408 442
3 442
3 409
409 435
104 435
104 243
154 243
154 271
91 271
22 91
22 485
45 485
45 404
30 404
30 232
232 425
152 425
124 152
124 446
446 498
345 498
70 345
70 369
122 369
54 122
54 216
216 335
231 335
231 338
338 458
187 458
187 383
383 472
28 472
28 403
204 403
180 204
22 180
22 153
153 380
219 380
24 219
24 465
401 465
259 401
115 259
115 446
133 446
119 133
119 274
258 274
20 258
20 32
32 225
12 225
12 333
119 333
119 235
27 235
27 175
175 313
129 313
129 369
177 369
177 345
197 345
197 312
244 312
244 249
249 489
144 489
144 240
240 258
125 258
125 161
161 313
313 382
200 382
200 377
227 377
32 227
32 393
393 415
12 415
12 194
16 194
16 450
10 450
10 454
29 454
29 461
315 461
42 315
42 169
77 169
77 286
286 451
287 451
287 352
352 379
287 379
276 287
276 305
172 305
172 351
351 390
390 500
65 500
65 126
126 375
312 375
312 355
108 355
108 345
345 473
232 473
6 232
6 379
98 379
98 387
387 487
159 487
159 265
265 358
291 358
291 439
418 439
36 418
36 162
162 396
330 396
213 330
213 361
361 384
258 384
258 278
235 278
22 235
22 410
128 410
128 342
63 342
63 94
94 379
52 379
52 490
383 490
383 421
139 421
139 235
210 235
80 210
80 157
157 494
391 494
334 391
334 476
300 476
300 305
97 305
97 391
376 391
53 376
53 249
249 307
307 399
389 399
168 389
80 168
80 323
323 345
345 378
378 492
192 492
14 192
3 14
3 81
81 269
204 269
204 359
152 359
152 248
58 248
58 403
329 403
329 435
349 435
349 441
391 441
55 391
55 304
254 304
86 254
86 226
52 226
52 372
194 372
194 401
306 401
306 458
131 458
131 465
465 482
447 482
32 447
32 333
333 375
8 375
8 248
248 459
30 459
30 155
155 423
230 423
230 400
97 400
97 416
181 416
181 447
183 447
91 183
91 235
169 235
47 169
47 368
339 368
286 339
286 378
28 378
28 40
40 416
416 430
385 430
312 385
98 312
98 227
132 227
132 435
268 435
148 268
148 474
474 498
427 498
48 427
48 167
167 369
282 369
229 282
229 237
28 237
28 382
292 382
190 292
190 457
287 457
287 382
243 382
243 268
268 489
415 489
352 415
27 352
27 302
136 302
122 136
122 355
355 388
388 477
407 477
83 407
43 83
43 333
333 477
195 477
195 258
84 258
84 172
137 172
137 455
455 459
395 459
36 395
36 330
297 330
264 297
264 364
364 439
439 475
47 475
47 187
187 435
271 435
271 374
178 374
178 342
24 342
24 234
234 440
440 461
452 461
58 452
58 74
74 334
264 334
136 264
39 136
25 39
25 456
455 456
340 455
340 452
176 452
176 277
277 303
173 303
173 482
388 482
7 388
7 469
345 469
345 394
293 394
293 388
113 388
113 204
14 204
14 427
19 427
15 19
15 414
109 414
109 189
146 189
112 146
112 413
63 413
63 135
135 391
41 391
41 379
170 379
104 170
104 288
210 288
210 477
218 477
218 488
70 488
70 230
186 230
186 255
255 256
256 472
209 472
58 209
58 364
364 393
168 393
168 342
119 342
119 478
83 478
41 83
41 283
2 283
2 204
204 478
427 478
427 488
128 488
128 351
237 351
184 237
184 440
140 440
140 171
81 171
68 81
68 142
142 451
73 451
73 228
103 228
103 403
167 403
167 320
238 320
238 265
265 310
310 500
234 500
234 334
334 346
96 346
96 221
194 221
165 194
165 261
197 261
197 227
171 227
171 337
337 488
465 488
386 465
9 386
9 34
34 467
156 467
57 156
57 186
111 186
111 415
46 415
46 235
235 385
1 385
1 125
125 188
188 365
49 365
49 297
155 297
155 318
29 318
29 139
139 494
195 494
195 251
4 251
4 183
70 183
70 456
64 456
64 471
460 471
325 460
189 325
189 217
217 380
163 380
134 163
134 328
272 328
147 272
112 147
36 112
36 132
44 132
44 161
161 364
265 364
265 275
87 275
87 389
178 389
122 178
122 390
377 390
377 454
454 497
249 497
20 249
20 67
67 131
131 442
407 442
191 407
40 191
40 422
2 422
0 2
0 16
16 437
33 437
33 392
392 409
409 430
214 430
44 214
44 272
110 272
110 245
67 245
67 311
311 434
336 434
180 336
180 293
293 488
211 488
211 377
284 377
204 284
204 432
140 432
140 178
178 417
304 417
304 460
349 460
43 349
43 136
136 162
133 162
133 234
234 337
337 431
120 431
120 483
456 483
254 456
254 478
87 478
25 87
25 305
24 305
24 397
92 397
92 130
130 264
264 338
212 338
212 279
279 377
62 377
62 442
89 442
89 443
157 443
157 297
148 297
148 257
257 486
414 486
362 414
17 362
17 246
201 246
201 467
73 467
73 268
268 405
242 405
242 299
185 299
185 280
280 500
363 500
129 363
129 375
375 406
143 406
143 428
179 428
106 179
106 167
24 167
24 286
30 286
30 346
37 346
37 488
19 488
19 490
340 490
296 340
296 347
144 347
144 390
297 390
116 297
116 192
192 392
186 392
186 429
374 429
324 374
324 449
449 497
123 497
123 284
284 415
112 415
112 228
228 428
47 428
47 405
362 405
362 394
394 435
159 435
159 343
323 343
40 323
40 112
56 112
56 345
275 345
22 275
22 331
146 331
64 146
64 438
203 438
203 270
270 461
322 461
322 423
166 423
124 166
124 419
417 419
142 417
142 201
128 201
128 432
324 432
78 324
78 79
79 188
160 188
160 282
282 348
348 418
418 476
463 476
410 463
107 410
107 338
116 338
116 140
34 140
34 282
282 494
91 494
91 92
92 332
44 332
44 309
94 309
8 94
8 25
25 35
35 50
50 65
56 65
56 252
252 443
362 443
362 433
209 433
209 459
85 459
85 492
185 492
185 347
334 347
334 385
151 385
151 382
284 382
175 284
0 175
0 164
164 326
319 326
147 319
14 147
14 105
105 366
153 366
153 260
141 260
141 376
45 376
45 402
231 402
20 231
20 102
102 325
252 325
252 436
346 436
138 346
138 146
146 479
362 479
199 362
98 199
98 248
200 248
67 200
6 67
6 241
241 320
320 472
409 472
196 409
196 197
197 424
408 424
132 408
132 213
105 213
105 399
245 399
66 245
31 66
31 371
308 371
124 308
124 134
134 180
180 262
262 389
389 446
272 446
224 272
159 224
59 159
59 289
18 289
18 417
5 417
5 240
29 240
29 67
67 120
120 281
265 281
126 265
48 126
43 48
43 370
370 477
300 477
59 300
59 193
193 276
139 276
139 263
263 345
152 345
152 438
360 438
56 360
56 261
261 372
372 374
298 374
131 298
131 174
174 420
41 420
29 41
29 486
468 486
441 468
159 441
60 159
60 146
146 498
41 498
41 401
11 401
11 137
137 316
241 316
241 301
190 301
190 445
73 445
34 73
34 52
52 305
305 319
319 387
387 453
369 453
339 369
118 339
118 326
147 326
22 147
22 439
374 439
22 374
22 333
187 333
187 354
354 368
368 438
184 438
47 184
47 250
250 347
197 347
197 450
136 450
136 230
35 230
35 197
44 197
44 166
166 384
348 384
229 348
202 229
202 390
90 390
90 429
429 455
59 455
59 103
100 103
100 479
132 479
132 204
204 374
167 374
167 420
351 420
26 351
4 26
4 231
231 420
6 420
6 367
271 367
216 271
216 395
332 395
332 346
346 461
159 461
159 399
299 399
299 330
91 330
91 209
106 209
106 201
168 201
168 476
253 476
253 371
371 379
102 379
102 344
255 344
27 255
27 377
65 377
65 133
133 421
338 421
23 338
11 23
11 52
52 128
40 128
40 342
316 342
7 316
7 352
104 352
104 465
267 465
267 454
76 454
76 232
13 232
13 234
234 492
261 492
33 261
33 52
52 376
139 376
139 153
153 300
225 300
225 278
30 278
30 297
132 297
132 337
264 337
248 264
39 248
39 424
18 424
18 334
215 334
215 419
102 419
102 364
0 364
0 432
361 432
44 361
44 467
214 467
214 310
288 310
288 363
363 409
188 409
188 303
8 303
8 185
182 185
182 195
195 338
308 338
282 308
282 383
241 383
39 241
39 361
284 361
182 284
109 182
109 225
225 391
391 438
256 438
256 299
299 403
217 403
217 426
250 426
250 286
286 313
131 313
131 453
453 462
462 479
479 483
5 483
5 125
33 125
33 467
146 467
146 395
191 395
191 300
90 300
16 90
16 34
34 72
72 284
284 404
268 404
45 268
45 414
143 414
143 408
306 408
182 306
182 243
103 243
48 103
48 423
340 423
111 340
111 142
142 234
179 234
179 497
102 497
102 349
349 429
368 429
255 368
234 255
140 234
140 415
195 415
6 195
6 108
108 372
372 416
284 416
284 305
305 357
217 357
217 317
125 317
125 444
444 490
409 490
172 409
172 381
381 435
435 494
168 494
99 168
99 334
108 334
108 110
110 288
288 365
365 463
454 463
454 479
142 479
142 269
152 269
152 392
272 392
272 418
282 418
174 282
174 196
194 196
194 473
388 473
53 388
44 53
44 195
195 438
272 438
138 272
138 293
163 293
163 346
12 346
12 140
140 382
382 442
150 442
150 392
295 392
295 324
54 324
54 300
300 423
421 423
399 421
399 437
37 437
37 260
260 442
98 442
76 98
76 152
152 367
73 367
73 421
358 421
337 358
92 337
92 224
224 495
415 495
340 415
66 340
66 145
145 449
385 449
136 385
136 166
166 171
171 345
82 345
82 231
186 231
186 427
427 435
95 435
95 242
15 242
15 371
30 371
3 30
3 228
56 228
56 316
249 316
249 277
277 465
114 465
1 114
1 454
429 454
51 429
51 120
48 120
48 269
269 361
100 361
28 100
28 343
343 439
307 439
139 307
139 160
160 427
342 427
342 386
167 386
167 319
319 371
97 371
97 162
162 347
265 347
87 265
87 159
102 159
102 287
287 462
273 462
273 476
62 476
62 315
68 315
68 246
54 246
54 142
142 155
155 384
19 384
19 376
206 376
206 269
251 269
251 430
324 430
52 324
52 69
69 454
436 454
407 436
338 407
8 338
8 169
169 385
47 385
47 493
348 493
290 348
290 323
323 349
349 478
440 478
2 440
2 245
245 326
240 326
230 240
50 230
50 104
104 321
33 321
33 429
122 429
122 193
55 193
55 398
179 398
179 242
242 425
324 425
304 324
157 304
157 476
276 476
96 276
96 269
269 393
173 393
158 173
153 158
153 460
0 460
0 99
99 406
406 410
248 410
10 248
10 357
195 357
195 279
98 279
98 158
158 184
115 184
115 423
87 423
87 294
294 443
3 443
3 275
275 447
191 447
37 191
37 355
355 498
9 498
9 279
208 279
208 493
377 493
267 377
65 267
65 387
387 416
251 416
196 251
33 196
33 281
19 281
19 390
119 390
119 444
130 444
130 139
139 336
336 457
359 457
65 359
65 375
375 474
48 474
48 472
121 472
71 121
71 431
264 431
40 264
40 500
424 500
424 436
71 436
6 71
6 218
211 218
76 211
76 131
131 244
244 327
275 327
275 346
346 375
375 469
124 469
124 466
55 466
55 194
194 245
245 309
309 384
131 384
131 156
156 163
163 395
93 395
93 227
227 388
388 406
252 406
252 262
262 285
22 285
22 116
111 116
111 425
177 425
177 495
279 495
279 418
362 418
163 362
4 163
4 374
33 374
33 376
376 451
92 451
92 373
250 373
250 475
63 475
63 268
268 279
279 414
188 414
188 366
316 366
316 326
15 326
15 377
115 377
115 432
317 432
13 317
13 197
197 354
290 354
7 290
7 266
170 266
170 305
305 393
192 393
92 192
92 486
343 486
343 474
391 474
140 391
140 222
222 427
150 427
150 366
366 368
52 368
52 100
100 112
112 493
460 493
391 460
61 391
61 188
188 452
421 452
365 421
120 365
120 316
55 316
55 120
120 227
85 227
85 323
323 332
332 398
99 398
99 222
222 239
124 239
124 335
15 335
15 262
262 380
230 380
230 384
334 384
193 334
193 433
416 433
321 416
47 321
47 486
239 486
239 248
248 493
313 493
35 313
35 139
94 139
94 500
386 500
266 386
266 461
55 461
40 55
40 490
204 490
88 204
88 336
336 424
322 424
300 322
300 360
283 360
209 283
209 389
212 389
44 212
44 412
274 412
274 316
141 316
141 432
425 432
425 445
252 445
50 252
20 50
20 127
127 292
182 292
182 193
34 193
34 384
153 384
147 153
32 147
32 131
18 131
18 412
38 412
38 425
313 425
17 313
17 212
129 212
129 478
77 478
77 140
17 140
17 369
332 369
332 459
362 459
216 362
216 257
257 489
162 489
34 162
34 340
282 340
69 282
69 118
118 323
32 323
32 34
34 216
216 292
280 292
197 280
112 197
112 495
4 495
4 249
249 364
113 364
113 201
179 201
102 179
102 218
149 218
149 193
158 193
158 388
388 403
90 403
90 272
272 358
356 358
147 356
115 147
115 142
142 196
196 474
120 474
120 237
80 237
80 174
174 316
126 316
50 126
50 370
172 370
172 477
477 486
18 486
18 124
124 346
60 346
60 181
181 456
451 456
179 451
167 179
167 340
340 477
303 477
205 303
57 205
57 173
173 222
222 274
274 285
285 346
346 396
114 396
114 345
345 440
440 485
419 485
386 419
200 386
180 200
171 180
85 171
85 108
35 108
35 360
360 446
273 446
273 450
283 450
283 401
401 487
273 487
244 273
202 244
202 215
215 389
359 389
359 483
293 483
120 293
120 358
146 358
146 328
317 328
75 317
59 75
59 445
196 445
196 338
67 338
67 187
187 299
154 299
154 311
311 476
32 476
32 118
118 156
156 275
275 437
437 472
132 472
84 132
84 493
138 493
138 495
29 495
29 84
84 379
331 379
331 457
442 457
316 442
316 331
198 331
17 198
17 278
8 278
8 331
331 413
237 413
62 237
62 290
179 290
179 423
54 423
44 54
44 241
241 453
57 453
57 279
279 280
60 280
60 361
273 361
273 334
334 465
306 465
66 306
66 199
199 297
22 297
22 328
25 328
18 25
18 171
171 192
192 380
380 388
214 388
94 214
94 163
163 174
174 252
239 252
224 239
224 296
93 296
93 238
238 474
51 474
6 51
6 27
27 43
43 127
127 230
230 471
298 471
298 473
231 473
231 307
146 307
146 281
281 453
235 453
235 279
270 279
270 466
27 466
27 71
71 256
121 256
121 138
138 277
277 451
165 451
165 454
212 454
212 427
304 427
304 305
305 416
87 416
13 87
13 23
23 487
64 487
64 237
207 237
62 207
62 238
238 435
361 435
119 361
119 396
304 396
304 470
255 470
214 255
214 301
92 301
92 401
350 401
30 350
30 36
36 211
89 211
89 368
189 368
189 393
334 393
40 334
40 235
235 483
142 483
55 142
55 125
125 398
289 398
289 390
224 390
179 224
179 313
282 313
282 347
93 347
93 309
309 486
187 486
187 355
86 355
86 244
244 295
213 295
213 233
233 365
365 433
46 433
46 430
308 430
308 319
319 466
364 466
112 364
28 112
28 270
24 270
24 460
416 460
370 416
370 440
366 440
56 366
56 335
335 468
148 468
148 370
209 370
209 385
175 385
105 175
69 105
69 361
310 361
310 340
126 340
126 473
333 473
211 333
211 432
229 432
229 257
257 332
241 332
241 412
412 482
355 482
144 355
144 148
148 460
195 460
7 195
7 476
344 476
25 344
25 162
162 191
108 191
108 210
84 210
84 311
0 311
0 330
330 440
440 442
187 442
187 438
270 438
192 270
192 360
205 360
205 281
281 369
290 369
41 290
37 41
37 176
176 420
122 420
122 254
254 296
133 296
133 431
219 431
219 258
258 479
233 479
233 354
354 377
151 377
151 429
341 429
186 341
20 186
20 212
212 381
70 381
70 154
154 397
373 397
373 375
225 375
225 377
377 465
94 465
94 258
132 258
132 163
163 348
298 348
228 298
88 228
13 88
13 57
57 351
331 351
110 331
77 110
77 88
69 88
69 218
218 444
72 444
72 212
212 498
3 498
3 374
374 454
226 454
226 362
253 362
8 253
8 488
418 488
114 418
21 114
21 431
6 431
6 450
31 450
31 397
397 478
58 478
58 445
142 445
142 179
120 179
120 234
183 234
183 298
243 298
243 263
263 326
326 498
65 498
65 441
275 441
167 275
167 198
32 198
32 70
70 267
79 267
79 150
118 150
118 432
379 432
220 379
111 220
111 487
253 487
253 345
244 345
108 244
108 157
4 157
4 159
159 449
449 487
77 487
77 342
342 455
451 455
40 451
40 433
101 433
101 238
202 238
202 423
97 423
97 173
173 475
401 475
203 401
203 440
77 440
77 415
346 415
346 423
57 423
57 300
182 300
182 223
223 347
258 347
127 258
127 493
317 493
317 372
202 372
150 202
150 153
38 153
38 195
195 451
358 451
335 358
335 401
401 426
112 426
112 201
201 271
185 271
185 417
189 417
61 189
61 472
269 472
269 307
307 445
80 445
80 411
92 411
44 92
44 222
185 222
63 185
63 430
284 430
205 284
166 205
166 282
282 349
349 489
477 489
22 477
22 308
308 316
316 401
257 401
158 257
102 158
102 212
141 212
43 141
43 281
68 281
68 245
245 333
206 333
206 226
133 226
133 387
2 387
2 20
20 493
493 499
181 499
181 243
198 243
198 374
293 374
293 487
235 487
235 364
75 364
75 160
151 160
13 151
13 146
146 238
238 239
239 429
30 429
30 477
19 477
19 47
47 97
97 136
136 431
79 431
79 271
72 271
50 72
50 196
196 343
278 343
157 278
132 157
132 216
216 252
252 313
224 313
224 488
153 488
143 153
143 377
329 377
329 400
314 400
314 384
384 447
447 481
412 481
229 412
229 444
444 485
424 485
362 424
322 362
322 376
98 376
98 435
125 435
125 142
106 142
106 340
340 453
206 453
206 230
230 488
488 490
319 490
172 319
172 250
153 250
153 424
351 424
351 474
376 474
28 376
28 274
274 275
180 275
180 493
7 493
7 88
88 487
172 487
149 172
149 401
368 401
361 368
58 361
58 289
30 289
30 179
179 227
227 334
334 376
365 376
12 365
12 297
250 297
250 334
67 334
67 150
150 288
280 288
240 280
17 240
17 495
441 495
155 441
20 155
20 154
154 314
314 353
341 353
341 399
285 399
285 470
327 470
127 327
5 127
5 391
184 391
163 184
163 388
40 388
40 63
63 147
147 486
28 486
28 231
231 317
225 317
135 225
135 478
317 478
78 317
52 78
52 202
202 326
326 467
120 467
120 394
394 403
14 403
14 314
206 314
206 399
223 399
149 223
149 393
232 393
2 232
2 329
323 329
0 323
0 157
28 157
28 460
457 460
122 457
122 216
216 327
327 337
337 393
58 393
58 194
142 194
142 284
284 424
205 424
205 329
268 329
245 268
202 245
202 482
102 482
15 102
15 399
393 399
100 393
100 458
360 458
113 360
113 433
418 433
73 418
73 362
362 426
366 426
98 366
98 468
390 468
187 390
187 393
318 393
318 429
200 429
200 230
230 312
312 351
261 351
261 497
117 497
117 256
256 494
4 494
4 196
10 196
10 420
420 444
58 444
58 113
113 223
223 331
211 331
149 211
0 149
0 86
86 284
284 288
288 349
210 349
210 341
309 341
296 309
236 296
236 474
199 474
199 495
194 495
17 194
17 304
271 304
187 271
187 349
7 349
7 220
220 395
70 395
70 364
364 493
87 493
87 163
102 163
102 115
115 487
47 487
47 202
167 202
167 286
286 309
12 309
12 260
260 398
4 398
4 400
226 400
226 458
123 458
123 331
87 331
87 359
67 359
12 67
12 281
281 478
251 478
133 251
133 459
24 459
24 408
299 408
299 365
334 365
334 386
102 386
102 245
28 245
28 55
55 484
117 484
117 420
284 420
284 418
418 462
3 462
3 354
354 398
61 398
61 456
227 456
217 227
217 376
1 376
1 346
272 346
102 272
102 140
104 140
55 104
55 252
13 252
13 393
393 406
81 406
81 426
353 426
29 353
29 273
104 273
37 104
37 303
170 303
169 170
118 169
18 118
18 226
7 226
7 192
192 385
356 385
348 356
324 348
29 324
29 459
420 459
420 493
351 493
351 455
438 455
9 438
9 218
218 492
122 492
122 411
375 411
88 375
88 101
101 182
182 378
118 378
118 141
141 262
262 295
267 295
267 322
223 322
223 287
49 287
49 265
125 265
125 170
88 170
88 140
140 323
82 323
82 454
282 454
282 367
302 367
239 302
171 239
151 171
151 254
25 254
25 123
123 310
38 310
38 468
89 468
89 212
41 212
41 48
48 405
155 405
155 229
229 402
255 402
77 255
22 77
22 369
86 369
86 208
208 368
70 368
35 70
35 260
25 260
25 30
30 399
92 399
92 287
1 287
1 412
375 412
375 403
403 485
377 485
125 377
125 172
106 172
106 483
398 483
263 398
263 278
278 328
0 328
0 205
205 334
281 334
154 281
59 154
59 169
169 364
131 364
131 312
192 312
192 386
345 386
345 397
234 397
234 310
207 310
186 207
186 307
117 307
117 282
221 282
221 316
316 392
255 392
18 255
18 105
105 155
155 198
99 198
99 130
130 270
139 270
139 306
22 306
22 37
37 385
158 385
158 433
203 433
203 213
189 213
189 474
266 474
186 266
166 186
166 472
24 472
24 337
199 337
199 273
273 475
366 475
129 366
129 300
300 485
439 485
308 439
84 308
84 357
128 357
29 128
29 352
351 352
351 483
115 483
115 123
104 123
104 293
16 293
16 286
60 286
60 478
207 478
207 459
56 459
56 322
322 419
143 419
17 143
17 480
403 480
1 403
1 108
108 344
152 344
139 152
66 139
66 99
99 396
221 396
120 221
120 122
122 207
207 299
99 299
99 294
294 419
419 492
69 492
69 259
259 448
448 449
129 449
63 129
63 307
307 427
427 490
286 490
78 286
78 266
188 266
188 199
199 218
218 295
106 295
98 106
65 98
65 307
0 307
0 241
20 241
20 211
211 385
85 385
85 104
104 413
413 464
126 464
126 450
192 450
183 192
183 294
294 381
239 381
216 239
176 216
176 458
456 458
109 456
109 273
201 273
27 201
24 27
24 289
289 394
52 394
52 134
134 327
108 327
108 332
217 332
217 328
328 434
349 434
280 349
280 321
51 321
51 57
16 57
16 296
296 405
233 405
171 233
171 405
76 405
76 200
200 370
287 370
87 287
87 366
366 469
263 469
259 263
259 433
328 433
125 328
125 126
126 297
90 297
90 389
205 389
205 381
381 467
467 498
202 498
202 286
286 455
70 455
70 145
145 256
107 256
107 113
113 357
173 357
120 173
82 120
82 254
180 254
180 487
461 487
286 461
286 382
353 382
353 455
125 455
125 271
63 271
63 320
268 320
228 268
174 228
174 219
97 219
97 128
128 364
187 364
69 187
69 491
366 491
275 366
47 275
47 85
85 418
418 435
58 435
58 300
300 460
451 460
417 451
116 417
116 174
77 174
77 81
81 161
154 161
154 470
237 470
17 237
17 357
273 357
242 273
242 277
277 436
436 459
459 481
414 481
277 414
130 277
31 130
31 77
77 94
94 290
80 290
80 149
33 149
33 194
56 194
56 92
92 194
194 424
352 424
12 352
12 300
300 338
65 338
65 117
117 240
240 442
430 442
285 430
285 291
291 292
285 292
10 285
10 82
82 385
243 385
243 360
360 421
421 447
136 447
136 190
102 190
102 430
430 473
269 473
269 398
101 398
101 336
167 336
167 465
405 465
342 405
177 342
177 399
323 399
124 323
124 421
331 421
68 331
68 322
322 483
270 483
270 285
140 285
140 468
322 468
322 387
369 387
256 369
256 283
283 314
131 314
131 141
34 141
34 355
152 355
5 152
5 398
398 432
432 454
141 454
141 482
20 482
20 114
114 462
43 462
43 306
122 306
16 122
16 171
46 171
46 393
393 492
34 492
34 41
38 41
38 188
123 188
123 347
302 347
0 302
0 411
152 411
152 311
311 385
22 385
22 487
311 487
217 311
217 224
224 423
423 465
247 465
13 247
13 84
84 339
35 339
35 112
112 404
404 406
314 406
293 314
225 293
225 443
148 443
15 148
15 202
202 419
248 419
248 418
121 418
121 261
261 416
180 416
180 326
326 401
56 401
56 219
219 471
471 483
264 483
63 264
63 414
262 414
191 262
71 191
71 378
147 378
147 196
196 465
312 465
26 312
26 368
310 368
87 310
87 376
307 376
307 365
152 365
53 152
49 53
49 224
224 365
365 384
167 384
167 349
349 498
390 498
49 390
49 151
151 406
322 406
180 322
12 180
12 432
121 432
121 323
181 323
181 410
346 410
289 346
275 289
39 275
39 310
310 321
321 487
59 487
59 189
189 426
392 426
246 392
148 246
148 368
119 368
119 387
387 424
141 424
141 265
86 265
86 192
192 458
64 458
64 173
173 318
201 318
74 201
74 409
87 409
32 87
32 484
246 484
246 342
195 342
195 424
245 424
184 245
184 346
229 346
229 469
58 469
58 412
29 412
29 416
394 416
115 394
115 266
266 392
392 483
175 483
175 309
309 383
278 383
10 278
10 86
14 86
14 89
36 89
36 158
158 432
43 432
43 181
181 383
373 383
179 373
179 387
91 387
91 275
23 275
23 330
237 330
63 237
63 110
110 282
208 282
208 394
138 394
138 405
157 405
13 157
13 309
146 309
146 210
81 210
81 427
49 427
49 308
130 308
130 392
44 392
44 481
310 481
257 310
250 257
250 258
258 388
110 388
94 110
94 100
100 175
175 242
92 242
92 276
135 276
135 334
131 334
131 366
305 366
305 404
85 404
85 232
232 280
80 280
80 285
94 285
94 142
142 493
19 493
19 344
344 444
396 444
396 406
213 406
68 213
68 260
156 260
10 156
10 98
98 166
166 308
220 308
220 354
243 354
74 243
74 216
106 216
106 275
74 275
74 172
128 172
128 213
213 366
152 366
152 253
158 253
158 365
18 365
18 467
467 478
478 483
413 483
10 413
10 128
17 128
15 17
15 26
26 131
131 158
158 389
109 389
109 403
380 403
380 476
3 476
3 46
46 65
65 226
115 226
115 436
260 436
260 447
270 447
270 414
32 414
28 32
28 138
9 138
9 439
321 439
252 321
138 252
36 138
36 308
225 308
225 290
264 290
264 319
310 319
310 489
137 489
137 469
273 469
273 315
315 441
66 441
66 373
373 459
271 459
103 271
103 335
335 420
420 482
364 482
154 364
154 439
302 439
234 302
234 251
150 251
150 433
432 433
332 432
332 358
358 458
26 458
26 39
39 212
196 212
3 196
3 422
272 422
272 313
278 313
185 278
185 202
202 242
242 384
384 430
53 430
53 245
245 491
278 491
278 410
410 444
332 444
332 489
171 489
171 207
207 413
413 430
253 430
253 477
56 477
56 466
449 466
394 449
247 394
106 247
106 148
114 148
114 261
261 378
120 378
120 310
310 317
317 350
212 350
212 445
129 445
49 129
20 49
20 209
209 241
53 241
53 181
181 339
66 339
66 437
85 437
85 427
156 427
146 156
146 176
67 176
67 458
23 458
23 306
94 306
94 161
161 443
164 443
164 169
169 379
343 379
343 402
302 402
302 307
307 496
248 496
248 354
179 354
179 190
190 225
172 225
172 194
194 369
369 371
371 448
231 448
231 479
429 479
128 429
128 198
198 241
241 336
84 336
84 148
148 385
371 385
293 371
217 293
217 305
70 305
70 248
248 272
40 272
40 90
66 90
66 129
129 464
265 464
265 419
418 419
218 418
58 218
58 378
41 378
33 41
33 232
232 248
69 248
69 272
247 272
241 247
145 241
145 199
175 199
58 175
58 399
19 399
19 265
180 265
180 388
111 388
111 394
215 394
148 215
13 148
13 14
14 168
168 366
345 366
167 345
110 167
110 154
136 154
136 454
264 454
264 318
318 407
407 416
162 416
162 208
208 367
230 367
230 272
272 381
359 381
271 359
271 343
343 479
279 479
197 279
197 220
220 358
255 358
160 255
160 306
224 306
15 224
15 218
218 240
30 240
30 373
373 480
423 480
165 423
165 455
301 455
219 301
211 219
45 211
45 82
82 246
112 246
112 484
219 484
82 219
82 463
317 463
317 362
361 362
361 398
12 398
12 463
154 463
154 337
337 428
385 428
308 385
62 308
62 463
210 463
210 220
220 440
439 440
169 439
128 169
115 128
115 369
369 426
128 426
128 379
173 379
173 407
407 468
200 468
200 485
194 485
194 277
125 277
125 268
233 268
233 414
219 414
52 219
52 388
173 388
173 421
229 421
229 319
240 319
226 240
143 226
13 143
13 18
18 66
66 122
122 317
165 317
165 244
244 496
172 496
127 172
127 452
222 452
188 222
177 188
95 177
1 95
1 347
154 347
154 326
123 326
123 322
218 322
218 279
219 279
219 307
307 395
43 395
43 492
67 492
67 146
118 146
118 168
168 188
129 188
129 132
71 132
43 71
43 286
286 358
13 358
13 289
289 477
192 477
74 192
74 340
340 437
246 437
246 248
248 362
131 362
47 131
47 429
429 453
389 453
389 416
258 416
258 379
379 383
281 383
281 475
258 475
258 394
394 468
433 468
7 433
7 258
107 258
106 107
106 289
289 400
300 400
201 300
70 201
70 280
280 361
54 361
54 177
87 177
1 87
1 298
196 298
190 196
190 338
124 338
124 136
136 217
216 217
8 216
8 213
37 213
37 268
117 268
95 117
95 137
137 408
160 408
160 329
329 458
105 458
105 180
180 414
401 414
128 401
128 279
41 279
41 93
26 93
26 45
45 421
111 421
31 111
22 31
22 302
156 302
156 403
227 403
76 227
76 208
208 313
313 390
70 390
70 495
168 495
168 380
380 408
201 408
201 360
260 360
167 260
167 186
186 263
263 420
82 420
82 439
115 439
115 449
147 449
147 239
239 288
108 288
74 108
74 140
140 275
275 404
60 404
60 403
134 403
134 201
201 351
351 368
53 368
53 266
119 266
119 313
313 366
130 366
130 167
167 189
154 189
123 154
123 389
389 474
216 474
216 437
364 437
364 408
221 408
15 221
15 331
133 331
133 257
130 257
130 176
176 288
253 288
98 253
98 424
269 424
269 279
279 423
345 423
345 471
110 471
110 263
89 263
89 384
93 384
69 93
69 461
314 461
231 314
184 231
184 294
294 358
312 358
312 477
393 477
31 393
31 337
125 337
125 294
263 294
263 492
259 492
142 259
142 162
162 446
353 446
353 460
371 460
11 371
11 279
279 415
295 415
242 295
99 242
99 129
118 129
118 208
208 317
317 360
173 360
24 173
24 185
185 337
130 337
130 223
223 267
267 359
56 359
56 135
135 413
136 413
136 239
239 343
26 343
26 145
82 145
82 475
319 475
306 319
306 332
6 332
6 426
338 426
338 483
425 483
162 425
162 283
283 311
311 343
126 343
126 432
180 432
180 478
36 478
36 289
289 322
71 322
71 155
80 155
80 477
369 477
183 369
183 433
235 433
56 235
56 226
226 355
219 355
219 420
265 420
35 265
35 115
33 115
33 404
367 404
133 367
133 312
312 363
281 363
48 281
48 267
267 356
356 392
239 392
239 423
392 423
392 405
225 405
156 225
75 156
75 492
287 492
15 287
15 370
359 370
79 359
79 122
114 122
114 154
154 434
156 434
156 319
151 319
151 403
334 403
334 478
196 478
196 495
486 495
150 486
150 385
74 385
3 74
3 177
27 177
27 471
325 471
325 428
121 428
77 121
77 479
167 479
33 167
33 473
22 473
22 267
151 267
151 251
144 251
144 409
232 409
232 476
252 476
112 252
112 328
302 328
144 302
144 327
286 327
63 286
63 174
174 289
289 438
20 438
20 96
96 144
144 246
222 246
59 222
59 432
154 432
154 259
25 259
25 204
204 267
267 343
35 343
35 293
129 293
129 263
251 263
130 251
130 136
136 140
28 140
28 104
104 211
22 211
22 97
97 449
14 449
14 98
98 496
479 496
424 479
310 424
74 310
74 400
400 480
417 480
262 417
262 392
392 399
344 399
344 423
309 423
16 309
16 449
72 449
72 121
100 121
100 123
123 368
368 441
131 441
131 247
247 397
116 397
36 116
36 232
232 272
58 272
58 119
102 119
102 193
114 193
114 407
78 407
78 338
43 338
43 256
105 256
105 380
147 380
147 154
154 355
98 355
98 159
159 342
342 385
281 385
263 281
158 263
158 313
229 313
229 451
265 451
265 421
289 421
278 289
14 278
14 151
151 245
245 429
94 429
94 265
104 265
104 475
10 475
10 376
376 423
28 423
28 373
180 373
180 318
95 318
95 153
153 249
249 432
432 496
150 496
89 150
89 319
319 426
286 426
212 286
146 212
146 455
23 455
23 370
55 370
55 234
234 295
79 295
79 224
163 224
163 372
285 372
285 392
3 392
3 455
123 455
123 124
124 390
336 390
336 422
151 422
151 256
51 256
2 51
2 40
40 460
460 489
259 489
259 369
231 369
231 392
353 392
145 353
92 145
92 406
406 486
463 486
49 463
49 82
82 103
103 405
23 405
23 367
64 367
64 353
353 447
37 447
37 286
286 473
401 473
286 401
266 286
0 266
0 477
223 477
223 418
225 418
128 225
128 324
167 324
167 330
330 387
283 387
283 442
20 442
20 73
73 328
208 328
208 462
296 462
108 296
108 337
337 494
228 494
228 277
277 404
320 404
91 320
91 406
347 406
134 347
134 151
151 313
279 313
279 425
425 463
80 463
80 461
404 461
28 404
28 59
59 429
348 429
348 484
46 484
46 452
315 452
315 325
166 325
34 166
34 40
40 123
113 123
113 145
145 295
71 295
71 485
297 485
120 297
110 120
110 429
179 429
170 179
170 395
108 395
108 219
219 267
267 475
238 475
16 238
3 16
3 67
67 437
90 437
76 90
74 76
74 146
66 146
66 323
109 323
11 109
11 469
400 469
164 400
75 164
53 75
53 298
265 298
265 471
37 471
37 42
42 458
410 458
71 410
30 71
14 30
14 495
487 495
477 487
477 480
351 480
351 413
199 413
199 402
402 466
420 466
274 420
185 274
114 185
114 451
112 451
112 355
302 355
166 302
166 446
235 446
153 235
114 153
44 114
44 425
89 425
89 129
129 242
242 491
11 491
11 129
129 482
470 482
32 470
32 109
109 494
354 494
10 354
10 478
151 478
151 405
327 405
33 327
33 43
43 383
286 383
215 286
91 215
91 428
252 428
80 252
80 387
387 457
239 457
239 401
401 402
311 402
144 311
144 297
281 297
98 281
98 286
156 286
156 199
199 442
261 442
261 421
272 421
67 272
67 319
253 319
253 263
263 415
113 415
97 113
97 482
442 482
110 442
110 491
269 491
137 269
137 225
152 225
152 401
341 401
341 452
417 452
102 417
27 102
27 51
10 51
10 61
61 375
369 375
205 369
96 205
96 489
200 489
200 289
226 289
64 226
64 359
127 359
127 276
126 276
126 230
230 321
162 321
162 331
49 331
40 49
40 461
117 461
117 149
1 149
1 90
31 90
31 146
146 221
221 324
324 500
479 500
242 479
80 242
80 497
323 497
61 323
61 213
213 425
87 425
87 452
411 452
411 451
168 451
168 235
235 321
321 461
104 461
104 455
361 455
160 361
49 160
29 49
29 303
141 303
141 299
299 307
307 346
228 346
84 228
48 84
48 473
438 473
41 438
41 210
210 489
29 489
29 331
248 331
54 248
54 357
22 357
22 465
161 465
161 322
322 383
243 383
243 315
315 446
426 446
426 474
384 474
349 384
245 349
221 245
212 221
36 212
36 284
254 284
7 254
7 153
10 153
10 179
179 370
370 403
302 403
298 302
298 380
297 380
180 297
180 495
386 495
51 386
51 219
219 401
93 401
56 93
56 319
13 319
13 75
75 273
273 415
298 415
298 330
330 416
416 489
113 489
113 301
301 302
5 302
5 434
166 434
166 355
29 355
29 153
111 153
111 243
230 243
230 420
222 420
222 454
139 454
139 355
341 355
341 440
98 440
98 284
82 284
82 468
448 468
173 448
162 173
162 478
92 478
92 114
114 187
187 340
274 340
274 326
125 326
125 147
147 214
214 403
403 447
77 447
27 77
27 292
200 292
145 200
14 145
14 327
197 327
114 197
114 445
154 445
3 154
3 478
268 478
210 268
57 210
22 57
22 332
287 332
162 287
162 479
7 479
7 403
73 403
73 216
170 216
170 295
295 359
176 359
176 378
344 378
256 344
69 256
69 214
214 419
209 419
16 209
16 214
190 214
190 300
167 300
97 167
10 97
10 171
171 420
99 420
99 446
446 481
349 481
87 349
87 203
203 387
311 387
282 311
142 282
142 261
247 261
198 247
134 198
96 134
96 477
40 477
40 222
222 468
92 468
92 436
172 436
172 323
323 433
433 491
234 491
234 465
106 465
106 117
117 473
282 473
93 282
93 420
234 420
34 234
34 293
136 293
136 280
280 415
269 415
231 269
121 231
