451 91
0 100
1098 100
2196 100
3294 100
4392 100
5490 100
6588 100
7686 100
8784 100
9882 100
10980 100
12078 100
13176 100
14274 100
15372 100
16470 100
17568 100
18666 100
19764 100
20862 100
21960 100
23058 100
24156 100
25254 100
26352 100
27450 100
28548 100
29646 100
30744 100
31842 100
32940 100
34038 100
35136 100
36234 100
37332 100
38430 100
39528 100
40626 100
41724 100
42822 100
43920 100
45018 100
46116 100
47214 100
48312 100
49410 100
50508 100
51606 100
52704 100
53802 3
54900 100
55998 100
57096 100
58194 100
59292 100
60390 100
61488 100
62586 100
63684 100
64782 100
65880 100
66978 100
68076 100
69174 100
70272 100
71370 100
72468 100
73566 100
74664 100
75762 100
76860 100
77958 100
79056 100
80154 100
81252 100
82350 100
83448 100
84546 100
85644 100
86742 100
87840 100
88938 100
90036 100
91134 100
92232 100
93330 100
94428 100
95526 100
96624 100
97722 100
98820 100
99918 100
101016 100
102114 100
103212 100
104310 100
105408 100
106506 100
107604 100
108702 100
109800 100
110898 100
111996 100
113094 100
114192 100
115290 100
116388 100
117486 100
118584 100
119682 100
120780 100
121878 100
122976 100
124074 100
125172 100
126270 100
127368 100
128466 100
129564 100
130662 100
131760 100
132858 100
133956 100
135054 100
136152 100
137250 100
138348 100
139446 100
140544 100
141642 100
142740 100
143838 100
144936 100
146034 100
147132 100
148230 100
149328 100
150426 100
151524 100
152622 100
153720 100
154818 100
155916 100
157014 100
158112 100
159210 100
160308 100
161406 100
162504 100
163602 100
164700 100
165798 100
166896 100
167994 100
169092 100
170190 100
171288 100
172386 100
173484 100
174582 100
175680 100
176778 100
177876 100
178974 100
180072 100
181170 100
182268 100
183366 100
184464 100
185562 100
186660 100
187758 100
188856 100
189954 100
191052 100
192150 100
193248 100
194346 100
195444 100
196542 100
197640 100
198738 100
199836 100
200934 100
202032 100
203130 100
204228 100
205326 100
206424 100
207522 100
208620 100
209718 100
210816 100
211914 100
213012 100
214110 100
215208 100
216306 100
217404 100
218502 100
219600 100
220698 100
221796 100
222894 100
223992 100
225090 100
226188 100
227286 100
228384 100
229482 100
230580 100
231678 100
232776 100
233874 100
234972 100
236070 100
237168 100
238266 100
239364 100
240462 100
241560 100
242658 100
243756 100
244854 100
245952 100
247050 100
248148 100
249246 100
250344 100
251442 100
252540 100
253638 100
254736 100
255834 100
256932 100
258030 100
259128 100
260226 100
261324 100
262422 100
263520 100
264618 100
265716 100
266814 100
267912 100
269010 100
270108 100
271206 100
272304 100
273402 100
274500 100
275598 100
276696 100
277794 100
278892 100
279990 100
281088 100
282186 100
283284 100
284382 100
285480 100
286578 100
287676 100
288774 100
289872 100
290970 100
292068 100
293166 100
294264 100
295362 100
296460 100
297558 100
298656 100
299754 100
300852 100
301950 100
303048 100
304146 100
305244 100
306342 100
307440 100
308538 100
309636 100
310734 100
311832 100
312930 100
314028 100
315126 100
316224 100
317322 100
318420 100
319518 100
320616 100
321714 100
322812 100
323910 100
325008 100
326106 100
327204 100
328302 100
329400 100
330498 100
331596 100
332694 100
333792 100
334890 100
335988 100
337086 100
338184 100
339282 100
340380 100
341478 100
342576 100
343674 100
344772 100
345870 100
346968 100
348066 100
349164 100
350262 100
351360 100
352458 100
353556 100
354654 100
355752 100
356850 100
357948 100
359046 100
360144 100
361242 100
362340 100
363438 100
364536 100
365634 100
366732 100
367830 100
368928 100
370026 100
371124 100
372222 100
373320 100
374418 100
375516 100
376614 100
377712 100
378810 100
379908 100
381006 100
382104 100
383202 100
384300 100
385398 100
386496 100
387594 100
388692 100
389790 100
390888 100
391986 100
393084 100
394182 100
395280 100
396378 100
397476 100
398574 100
399672 100
400770 100
401868 100
402966 100
404064 100
405162 100
406260 100
407358 100
408456 100
409554 100
410652 100
411750 100
412848 100
413946 100
415044 100
416142 100
417240 100
418338 100
419436 100
420534 100
421632 100
422730 100
423828 100
424926 100
426024 100
427122 100
428220 100
429318 100
430416 100
431514 100
432612 100
433710 100
434808 100
435906 100
437004 100
438102 100
439200 100
440298 100
441396 100
442494 100
443592 100
444690 100
445788 100
446886 100
447984 100
449082 100
450180 100
451278 100
452376 100
453474 100
454572 100
455670 100
456768 100
457866 100
458964 100
460062 100
461160 100
462258 100
463356 100
464454 100
465552 100
466650 100
467748 100
468846 100
469944 100
471042 100
472140 100
473238 100
474336 100
475434 100
476532 100
477630 100
478728 100
479826 100
480924 100
482022 100
483120 100
484218 100
485316 100
486414 100
487512 100
488610 100
489708 100
490806 100
491904 100
493002 100
494100 100
0 0
1098 0
2196 0
3294 0
4392 0
5490 0
6588 0
7686 0
8784 0
9882 0
10980 0
12078 0
13176 0
14274 0
15372 0
16470 0
17568 0
18666 0
19764 0
20862 0
21960 0
23058 0
24156 0
25254 0
26352 0
27450 0
28548 0
29646 0
30744 0
31842 0
32940 0
34038 0
35136 0
36234 0
37332 0
38430 0
39528 0
40626 0
41724 0
42822 0
43920 0
45018 0
46116 0
47214 0
48312 0
49410 0
50508 0
51606 0
52704 0
53802 0
54900 0
55998 0
57096 0
58194 0
59292 0
60390 0
61488 0
62586 0
63684 0
64782 0
65880 0
66978 0
68076 0
69174 0
70272 0
71370 0
72468 0
73566 0
74664 0
75762 0
76860 0
77958 0
79056 0
80154 0
81252 0
82350 0
83448 0
84546 0
85644 0
86742 0
87840 0
88938 0
90036 0
91134 0
92232 0
93330 0
94428 0
95526 0
96624 0
97722 0
98820 0
