898 21
0 100
4761 100
9522 100
14283 3
19044 100
23805 100
28566 100
33327 100
38088 100
42849 100
47610 100
52371 100
57132 100
61893 100
66654 100
71415 100
76176 100
80937 100
85698 100
90459 100
95220 100
99981 100
104742 100
109503 100
114264 100
119025 100
123786 100
128547 100
133308 100
138069 100
142830 100
147591 100
152352 100
157113 100
161874 100
166635 100
171396 100
176157 100
180918 100
185679 100
190440 100
195201 100
199962 100
204723 100
209484 100
214245 100
219006 100
223767 100
228528 100
233289 100
238050 100
242811 100
247572 100
252333 100
257094 100
261855 100
266616 100
271377 100
276138 100
280899 100
285660 100
290421 100
295182 100
299943 100
304704 100
309465 100
314226 100
318987 100
323748 100
328509 100
333270 100
338031 100
342792 100
347553 100
352314 100
357075 100
361836 100
366597 100
371358 100
376119 100
380880 100
385641 100
390402 100
395163 100
399924 100
404685 100
409446 100
414207 100
418968 100
423729 100
428490 100
433251 100
438012 100
442773 100
447534 100
452295 100
457056 100
461817 100
466578 100
471339 100
476100 100
480861 100
485622 100
490383 100
495144 100
499905 100
504666 100
509427 100
514188 100
518949 100
523710 100
528471 100
533232 100
537993 100
542754 100
547515 100
552276 100
557037 100
561798 100
566559 100
571320 100
576081 100
580842 100
585603 100
590364 100
595125 100
599886 100
604647 100
609408 100
614169 100
618930 100
623691 100
628452 100
633213 100
637974 100
642735 100
647496 100
652257 100
657018 100
661779 100
666540 100
671301 100
676062 100
680823 100
685584 100
690345 100
695106 100
699867 100
704628 100
709389 100
714150 100
718911 100
723672 100
728433 100
733194 100
737955 100
742716 100
747477 100
752238 100
756999 100
761760 100
766521 100
771282 100
776043 100
780804 100
785565 100
790326 100
795087 100
799848 100
804609 100
809370 100
814131 100
818892 100
823653 100
828414 100
833175 100
837936 100
842697 100
847458 100
852219 100
856980 100
861741 100
866502 100
871263 100
876024 100
880785 100
885546 100
890307 100
895068 100
899829 100
904590 100
909351 100
914112 100
918873 100
923634 100
928395 100
933156 100
937917 100
942678 100
947439 100
952200 100
956961 100
961722 100
966483 100
971244 100
976005 100
980766 100
985527 100
990288 100
995049 100
999810 100
1004571 100
1009332 100
1014093 100
1018854 100
1023615 100
1028376 100
1033137 100
1037898 100
1042659 100
1047420 100
1052181 100
1056942 100
1061703 100
1066464 100
1071225 100
1075986 100
1080747 100
1085508 100
1090269 100
1095030 100
1099791 100
1104552 100
1109313 100
1114074 100
1118835 100
1123596 100
1128357 100
1133118 100
1137879 100
1142640 100
1147401 100
1152162 100
1156923 100
1161684 100
1166445 100
1171206 100
1175967 100
1180728 100
1185489 100
1190250 100
1195011 100
1199772 100
1204533 100
1209294 100
1214055 100
1218816 100
1223577 100
1228338 100
1233099 100
1237860 100
1242621 100
1247382 100
1252143 100
1256904 100
1261665 100
1266426 100
1271187 100
1275948 100
1280709 100
1285470 100
1290231 100
1294992 100
1299753 100
1304514 100
1309275 100
1314036 100
1318797 100
1323558 100
1328319 100
1333080 100
1337841 100
1342602 100
1347363 100
1352124 100
1356885 100
1361646 100
1366407 100
1371168 100
1375929 100
1380690 100
1385451 100
1390212 100
1394973 100
1399734 100
1404495 100
1409256 100
1414017 100
1418778 100
1423539 100
1428300 100
1433061 100
1437822 100
1442583 100
1447344 100
1452105 100
1456866 100
1461627 100
1466388 100
1471149 100
1475910 100
1480671 100
1485432 100
1490193 100
1494954 100
1499715 100
1504476 100
1509237 100
1513998 100
1518759 100
1523520 100
1528281 100
1533042 100
1537803 100
1542564 100
1547325 100
1552086 100
1556847 100
1561608 100
1566369 100
1571130 100
1575891 100
1580652 100
1585413 100
1590174 100
1594935 100
1599696 100
1604457 100
1609218 100
1613979 100
1618740 100
1623501 100
1628262 100
1633023 100
1637784 100
1642545 100
1647306 100
1652067 100
1656828 100
1661589 100
1666350 100
1671111 100
1675872 100
1680633 100
1685394 100
1690155 100
1694916 100
1699677 100
1704438 100
1709199 100
1713960 100
1718721 100
1723482 100
1728243 100
1733004 100
1737765 100
1742526 100
1747287 100
1752048 100
1756809 100
1761570 100
1766331 100
1771092 100
1775853 100
1780614 100
1785375 100
1790136 100
1794897 100
1799658 100
1804419 100
1809180 100
1813941 100
1818702 100
1823463 100
1828224 100
1832985 100
1837746 100
1842507 100
1847268 100
1852029 100
1856790 100
1861551 100
1866312 100
1871073 100
1875834 100
1880595 100
1885356 100
1890117 100
1894878 100
1899639 100
1904400 100
1909161 100
1913922 100
1918683 100
1923444 100
1928205 100
1932966 100
1937727 100
1942488 100
1947249 100
1952010 100
1956771 100
1961532 100
1966293 100
1971054 100
1975815 100
1980576 100
1985337 100
1990098 100
1994859 100
1999620 100
2004381 100
2009142 100
2013903 100
2018664 100
2023425 100
2028186 100
2032947 100
2037708 100
2042469 100
2047230 100
2051991 100
2056752 100
2061513 100
2066274 100
2071035 100
2075796 100
2080557 100
2085318 100
2090079 100
2094840 100
2099601 100
2104362 100
2109123 100
2113884 100
2118645 100
2123406 100
2128167 100
2132928 100
2137689 100
2142450 100
2147211 100
2151972 100
2156733 100
2161494 100
2166255 100
2171016 100
2175777 100
2180538 100
2185299 100
2190060 100
2194821 100
2199582 100
2204343 100
2209104 100
2213865 100
2218626 100
2223387 100
2228148 100
2232909 100
2237670 100
2242431 100
2247192 100
2251953 100
2256714 100
2261475 100
2266236 100
2270997 100
2275758 100
2280519 100
2285280 100
2290041 100
2294802 100
2299563 100
2304324 100
2309085 100
2313846 100
2318607 100
2323368 100
2328129 100
2332890 100
2337651 100
2342412 100
2347173 100
2351934 100
2356695 100
2361456 100
2366217 100
2370978 100
2375739 100
2380500 100
2385261 100
2390022 100
2394783 100
2399544 100
2404305 100
2409066 100
2413827 100
2418588 100
2423349 100
2428110 100
2432871 100
2437632 100
2442393 100
2447154 100
2451915 100
2456676 100
2461437 100
2466198 100
2470959 100
2475720 100
2480481 100
2485242 100
2490003 100
2494764 100
2499525 100
2504286 100
2509047 100
2513808 100
2518569 100
2523330 100
2528091 100
2532852 100
2537613 100
2542374 100
2547135 100
2551896 100
2556657 100
2561418 100
2566179 100
2570940 100
2575701 100
2580462 100
2585223 100
2589984 100
2594745 100
2599506 100
2604267 100
2609028 100
2613789 100
2618550 100
2623311 100
2628072 100
2632833 100
2637594 100
2642355 100
2647116 100
2651877 100
2656638 100
2661399 100
2666160 100
2670921 100
2675682 100
2680443 100
2685204 100
2689965 100
2694726 100
2699487 100
2704248 100
2709009 100
2713770 100
2718531 100
2723292 100
2728053 100
2732814 100
2737575 100
2742336 100
2747097 100
2751858 100
2756619 100
2761380 100
2766141 100
2770902 100
2775663 100
2780424 100
2785185 100
2789946 100
2794707 100
2799468 100
2804229 100
2808990 100
2813751 100
2818512 100
2823273 100
2828034 100
2832795 100
2837556 100
2842317 100
2847078 100
2851839 100
2856600 100
2861361 100
2866122 100
2870883 100
2875644 100
2880405 100
2885166 100
2889927 100
2894688 100
2899449 100
2904210 100
2908971 100
2913732 100
2918493 100
2923254 100
2928015 100
2932776 100
2937537 100
2942298 100
2947059 100
2951820 100
2956581 100
2961342 100
2966103 100
2970864 100
2975625 100
2980386 100
2985147 100
2989908 100
2994669 100
2999430 100
3004191 100
3008952 100
3013713 100
3018474 100
3023235 100
3027996 100
3032757 100
3037518 100
3042279 100
3047040 100
3051801 100
3056562 100
3061323 100
3066084 100
3070845 100
3075606 100
3080367 100
3085128 100
3089889 100
3094650 100
3099411 100
3104172 100
3108933 100
3113694 100
3118455 100
3123216 100
3127977 100
3132738 100
3137499 100
3142260 100
3147021 100
3151782 100
3156543 100
3161304 100
3166065 100
3170826 100
3175587 100
3180348 100
3185109 100
3189870 100
3194631 100
3199392 100
3204153 100
3208914 100
3213675 100
3218436 100
3223197 100
3227958 100
3232719 100
3237480 100
3242241 100
3247002 100
3251763 100
3256524 100
3261285 100
3266046 100
3270807 100
3275568 100
3280329 100
3285090 100
3289851 100
3294612 100
3299373 100
3304134 100
3308895 100
3313656 100
3318417 100
3323178 100
3327939 100
3332700 100
3337461 100
3342222 100
3346983 100
3351744 100
3356505 100
3361266 100
3366027 100
3370788 100
3375549 100
3380310 100
3385071 100
3389832 100
3394593 100
3399354 100
3404115 100
3408876 100
3413637 100
3418398 100
3423159 100
3427920 100
3432681 100
3437442 100
3442203 100
3446964 100
3451725 100
3456486 100
3461247 100
3466008 100
3470769 100
3475530 100
3480291 100
3485052 100
3489813 100
3494574 100
3499335 100
3504096 100
3508857 100
3513618 100
3518379 100
3523140 100
3527901 100
3532662 100
3537423 100
3542184 100
3546945 100
3551706 100
3556467 100
3561228 100
3565989 100
3570750 100
3575511 100
3580272 100
3585033 100
3589794 100
3594555 100
3599316 100
3604077 100
3608838 100
3613599 100
3618360 100
3623121 100
3627882 100
3632643 100
3637404 100
3642165 100
3646926 100
3651687 100
3656448 100
3661209 100
3665970 100
3670731 100
3675492 100
3680253 100
3685014 100
3689775 100
3694536 100
3699297 100
3704058 100
3708819 100
3713580 100
3718341 100
3723102 100
3727863 100
3732624 100
3737385 100
3742146 100
3746907 100
3751668 100
3756429 100
3761190 100
3765951 100
3770712 100
3775473 100
3780234 100
3784995 100
3789756 100
3794517 100
3799278 100
3804039 100
3808800 100
3813561 100
3818322 100
3823083 100
3827844 100
3832605 100
3837366 100
3842127 100
3846888 100
3851649 100
3856410 100
3861171 100
3865932 100
3870693 100
3875454 100
3880215 100
3884976 100
3889737 100
3894498 100
3899259 100
3904020 100
3908781 100
3913542 100
3918303 100
3923064 100
3927825 100
3932586 100
3937347 100
3942108 100
3946869 100
3951630 100
3956391 100
3961152 100
3965913 100
3970674 100
3975435 100
3980196 100
3984957 100
3989718 100
3994479 100
3999240 100
4004001 100
4008762 100
4013523 100
4018284 100
4023045 100
4027806 100
4032567 100
4037328 100
4042089 100
4046850 100
4051611 100
4056372 100
4061133 100
4065894 100
4070655 100
4075416 100
4080177 100
4084938 100
4089699 100
4094460 100
4099221 100
4103982 100
4108743 100
4113504 100
4118265 100
4123026 100
4127787 100
4132548 100
4137309 100
4142070 100
4146831 100
4151592 100
4156353 100
4161114 100
4165875 100
4170636 100
4175397 100
4180158 100
4184919 100
4189680 100
4194441 100
4199202 100
4203963 100
4208724 100
4213485 100
4218246 100
4223007 100
4227768 100
4232529 100
4237290 100
4242051 100
4246812 100
4251573 100
4256334 100
4261095 100
4265856 100
4270617 100
0 0
4761 0
9522 0
14283 0
19044 0
23805 0
28566 0
33327 0
38088 0
42849 0
47610 0
52371 0
57132 0
61893 0
66654 0
71415 0
76176 0
80937 0
85698 0
90459 0
95220 0
